5.484286900768841461e-05
6.750115998779143700e-05
1.327067695540001542e-04
5.277256850955915242e-04
1.398505763192546244e-03
2.189763662114034559e-03
2.036564180524677928e-03
1.471850670590892302e-03
1.130626487685028238e-03
1.004096572344331112e-03
8.362711275764780038e-04
4.614165139111046183e-04
3.408291908908409615e-04
2.627159194123642296e-04
2.002417516242387964e-04
1.827527132928505132e-04
1.979774528765993185e-04
1.239415241681641664e-04
1.211814632442125250e-04
8.367285324048070517e-05
6.441825108779479438e-05
3.081722054199993614e-06
0.000000000000000000e+00
0.000000000000000000e+00
0.000000000000000000e+00
0.000000000000000000e+00
0.000000000000000000e+00
0.000000000000000000e+00
0.000000000000000000e+00
0.000000000000000000e+00
