2.375468472744606866e-05
2.942436527923698777e-05
5.775645468600621997e-05
2.288540570510093851e-04
6.057518262107425841e-04
9.466405059623479766e-04
8.792657181192328666e-04
6.344441445078310071e-04
4.871042811565476187e-04
4.323194118698795840e-04
3.597955203942292211e-04
1.983929421070995344e-04
1.461631062507726825e-04
1.123648890102389567e-04
8.554420438617646027e-05
7.805582936413515938e-05
8.459522499205867426e-05
5.262307742954503559e-05
5.168276142729947106e-05
3.564961105895321031e-05
2.743610349221874473e-05
1.308794642167424016e-06
0.000000000000000000e+00
0.000000000000000000e+00
0.000000000000000000e+00
0.000000000000000000e+00
0.000000000000000000e+00
0.000000000000000000e+00
0.000000000000000000e+00
0.000000000000000000e+00
