5.350622989477206002e-07
6.598891295431718205e-07
1.299325665976242979e-06
5.104513920793159632e-06
1.335908900768231655e-05
2.067172386042726920e-05
1.902603916590721222e-05
1.361829544223180825e-05
1.037607235171237994e-05
9.140238363151137463e-06
7.570724869657111748e-06
4.141701789990241774e-06
3.035824683025679157e-06
2.325655815695586362e-06
1.769324045755912980e-06
1.616966588698431674e-06
1.754764358332700781e-06
1.086755396942201652e-06
1.066730189097612521e-06
7.325139750987072434e-07
5.623083919496673444e-07
2.667526109408889570e-08
0.000000000000000000e+00
0.000000000000000000e+00
0.000000000000000000e+00
0.000000000000000000e+00
0.000000000000000000e+00
0.000000000000000000e+00
0.000000000000000000e+00
0.000000000000000000e+00
