1.331239999999999980e-05 1.006572054989206777e+03
2.662479999999999960e-05 1.006475854353269142e+03
3.993720000000000110e-05 1.006355779011428922e+03
5.324959999999999920e-05 1.006179926575491322e+03
6.656200000000000408e-05 1.005918651900317855e+03
7.987440000000000219e-05 1.005543986131046836e+03
9.318669999999999330e-05 1.005015251299697866e+03
1.064989999999999980e-04 1.004295658530853075e+03
1.198119999999999974e-04 1.003350636797313427e+03
1.331240000000000082e-04 1.002144664661686647e+03
1.464360000000000054e-04 1.000661805884491969e+03
1.597489999999999913e-04 9.988782806248721045e+02
1.730609999999999885e-04 9.967945241654429083e+02
1.863730000000000128e-04 9.943990405160906221e+02
1.996859999999999987e-04 9.916957070196079940e+02
2.129979999999999959e-04 9.886766927381712549e+02
2.263110000000000089e-04 9.853423451286453201e+02
2.396230000000000061e-04 9.816813739774549958e+02
2.529349999999999763e-04 9.776973216154322017e+02
2.662480000000000163e-04 9.733807860269311050e+02
2.795599999999999865e-04 9.687461958191498752e+02
2.928730000000000265e-04 9.637944240168491206e+02
3.061849999999999967e-04 9.585484594198771902e+02
3.194970000000000210e-04 9.530195409342086350e+02
3.328100000000000069e-04 9.472309288582393947e+02
3.461219999999999770e-04 9.411979111051369955e+02
3.594350000000000171e-04 9.349371991283760508e+02
3.727469999999999872e-04 9.284584001748066839e+02
3.860590000000000115e-04 9.217697115588863426e+02
3.993719999999999974e-04 9.148691470594751536e+02
4.126840000000000217e-04 9.077578967629474391e+02
4.259970000000000076e-04 9.004226516829298816e+02
4.393089999999999777e-04 8.928646248728375667e+02
4.526210000000000021e-04 8.850708642302133740e+02
4.659339999999999879e-04 8.770492106413620377e+02
4.792460000000000123e-04 8.688000517183417060e+02
4.925590000000000523e-04 8.603363347510155563e+02
5.058709999999999683e-04 8.516666881598288228e+02
5.191829999999999926e-04 8.428045310527849097e+02
5.324960000000000327e-04 8.337567223911676138e+02
5.458079999999999486e-04 8.245351093438486032e+02
5.591199999999999729e-04 8.151416176689001531e+02
5.724330000000000130e-04 8.055858107512882498e+02
5.857450000000000373e-04 7.958723082032317961e+02
5.990579999999999690e-04 7.860148437134205324e+02
6.123699999999999933e-04 7.760271651353450579e+02
6.256820000000000177e-04 7.659224647112430375e+02
6.389949999999999493e-04 7.557104907061903987e+02
6.523069999999999737e-04 7.453990085581220910e+02
6.656200000000000137e-04 7.349843663420065241e+02
6.789320000000000381e-04 7.244726886896157794e+02
6.922439999999999540e-04 7.138598427412023284e+02
7.055569999999999941e-04 7.031535810273427387e+02
7.188690000000000184e-04 6.923601190247906061e+02
7.321819999999999501e-04 6.814868586837103521e+02
7.454939999999999744e-04 6.705402108537400636e+02
7.588059999999999987e-04 6.595279313771158058e+02
7.721190000000000388e-04 6.484537592603439862e+02
7.854309999999999547e-04 6.373300824945383738e+02
7.987439999999999948e-04 6.261649029881479009e+02
8.120560000000000191e-04 6.149713585018778303e+02
8.253680000000000435e-04 6.037597233049177703e+02
8.386809999999999751e-04 5.925355961644787612e+02
8.519929999999999995e-04 5.813014778662411572e+02
8.653050000000000238e-04 5.700572628049725381e+02
8.786179999999999555e-04 5.587929083362773781e+02
8.919299999999999798e-04 5.475155098456150427e+02
9.052430000000000199e-04 5.362273246818556345e+02
9.185550000000000442e-04 5.249451658862989234e+02
9.318669999999999601e-04 5.136919840068386520e+02
9.451800000000000002e-04 5.024830909649539308e+02
9.584920000000000245e-04 4.913421139143535470e+02
9.718049999999999562e-04 4.802768219066094275e+02
9.851169999999999805e-04 4.692963499354640931e+02
9.984289999999998964e-04 4.584042022215796237e+02
1.011739999999999905e-03 4.476016057710144196e+02
1.025050000000000006e-03 4.368914388068589574e+02
1.038370000000000048e-03 4.262646181475564049e+02
1.051679999999999933e-03 4.157398805081888895e+02
1.064990000000000034e-03 4.053087842019908749e+02
1.078299999999999918e-03 3.949758080437542844e+02
1.091619999999999960e-03 3.847378114240082709e+02
1.104930000000000061e-03 3.746184984456729126e+02
1.118239999999999946e-03 3.646197992494901996e+02
1.131550000000000047e-03 3.547364302653924710e+02
1.144870000000000089e-03 3.449651076115953288e+02
1.158179999999999973e-03 3.353155298346429163e+02
1.171490000000000075e-03 3.257841638014012347e+02
1.184799999999999959e-03 3.163690513377554794e+02
1.198120000000000001e-03 3.070782958995205263e+02
1.211430000000000102e-03 2.979305869292451803e+02
1.224739999999999987e-03 2.889303805199401722e+02
1.238050000000000088e-03 2.800771720493929138e+02
1.251359999999999972e-03 2.713687779417192019e+02
1.264680000000000014e-03 2.627942166925399761e+02
1.277989999999999899e-03 2.543598491537555901e+02
1.291300000000000000e-03 2.460575389749405133e+02
1.304610000000000101e-03 2.378943682884347766e+02
1.317929999999999926e-03 2.298693442565646308e+02
1.331240000000000027e-03 2.220153143417978754e+02
1.344549999999999912e-03 2.143332376240882411e+02
1.357860000000000013e-03 2.068402067167734515e+02
1.371180000000000055e-03 1.995328078085880463e+02
1.384489999999999939e-03 1.924237791184790467e+02
1.397800000000000041e-03 1.855027824793161244e+02
1.411109999999999925e-03 1.787586226702383385e+02
1.424429999999999967e-03 1.721782304833590729e+02
1.437740000000000068e-03 1.657592995190001375e+02
1.451049999999999953e-03 1.594909431146222687e+02
1.464360000000000054e-03 1.533706369473072186e+02
1.477680000000000096e-03 1.473926230156822328e+02
1.490989999999999980e-03 1.415716244697689490e+02
1.504300000000000082e-03 1.359043707209688989e+02
1.517609999999999966e-03 1.303970919134304722e+02
1.530930000000000008e-03 1.250463159667116315e+02
1.544239999999999892e-03 1.198622040411609788e+02
1.557549999999999994e-03 1.148392689018322272e+02
1.570860000000000095e-03 1.099754120584690185e+02
1.584169999999999979e-03 1.052674041294927179e+02
1.597490000000000021e-03 1.007069670868980324e+02
1.610799999999999906e-03 9.629640062671930423e+01
1.624110000000000007e-03 9.202498444400228550e+01
1.637420000000000108e-03 8.788796045550165559e+01
1.650739999999999933e-03 8.387826031300400587e+01
1.664050000000000034e-03 7.999907893009435611e+01
1.677359999999999919e-03 7.624835375613034216e+01
1.690670000000000020e-03 7.262479760366677795e+01
1.703990000000000062e-03 6.912544054623208467e+01
1.717299999999999946e-03 6.575343511516724959e+01
1.730610000000000048e-03 6.250378481025695265e+01
1.743919999999999932e-03 5.937370225605475582e+01
1.757239999999999974e-03 5.635921104902778467e+01
1.770550000000000075e-03 5.346250755576678415e+01
1.783859999999999960e-03 5.068129720695578300e+01
1.797170000000000061e-03 4.801377868726102349e+01
1.810490000000000103e-03 4.545734033777694094e+01
1.823799999999999987e-03 4.301339880843372754e+01
1.837110000000000088e-03 4.067679040124831147e+01
1.850419999999999973e-03 3.844389776694822558e+01
1.863730000000000074e-03 3.631061886417632678e+01
1.877049999999999899e-03 3.427157205748647328e+01
1.890360000000000000e-03 3.232633449863411812e+01
1.903670000000000102e-03 3.047004431044366868e+01
1.916979999999999986e-03 2.870026218368104409e+01
1.930300000000000028e-03 2.701283214272779176e+01
1.943609999999999912e-03 2.540645090126323780e+01
1.956920000000000014e-03 2.387626776432795594e+01
1.970229999999999898e-03 2.241655158004871495e+01
1.983550000000000157e-03 2.102214406262557844e+01
1.996860000000000041e-03 1.969227545435474980e+01
2.010169999999999926e-03 1.842361404707754247e+01
2.023479999999999810e-03 1.721692339991777843e+01
2.036800000000000069e-03 1.607086550033700689e+01
2.050109999999999953e-03 1.498678940177920538e+01
2.063419999999999838e-03 1.396266501982780284e+01
2.076730000000000156e-03 1.299565289698388248e+01
2.090049999999999981e-03 1.208261760802457019e+01
2.103359999999999865e-03 1.122158981910227205e+01
2.116670000000000183e-03 1.040927393296497172e+01
2.129980000000000068e-03 9.642806443645699943e+00
2.143299999999999893e-03 8.919437891173693345e+00
2.156610000000000211e-03 8.238514786374199872e+00
2.169920000000000095e-03 7.598039226591988715e+00
2.183229999999999980e-03 6.996769694784322091e+00
2.196539999999999864e-03 6.433548095253101451e+00
2.209860000000000123e-03 5.905974979544996728e+00
2.223170000000000007e-03 5.413204987018950476e+00
2.236479999999999892e-03 4.952586273061107214e+00
2.249790000000000210e-03 4.522333065992286016e+00
2.263110000000000035e-03 4.120414793609361581e+00
2.276419999999999919e-03 3.745992408207049262e+00
2.289729999999999804e-03 3.397242274896985492e+00
2.303040000000000122e-03 3.072854737358666544e+00
2.316359999999999947e-03 2.771124469782052735e+00
2.329669999999999831e-03 2.491236813222903912e+00
2.342980000000000149e-03 2.231974765647302572e+00
2.356290000000000034e-03 1.992407027199859515e+00
2.369609999999999859e-03 1.771659353987921737e+00
2.382920000000000177e-03 1.569325113856166576e+00
2.396230000000000061e-03 1.384325526522688143e+00
2.409539999999999946e-03 1.215758253285640134e+00
2.422860000000000204e-03 1.062328927538785717e+00
2.436170000000000089e-03 9.231618576705479251e-01
2.449479999999999973e-03 7.969596800417014792e-01
2.462789999999999858e-03 6.826071171686496353e-01
2.476100000000000176e-03 5.792399891497759246e-01
2.489420000000000001e-03 4.859340117167899598e-01
2.502729999999999885e-03 4.023919704307468703e-01
2.516040000000000203e-03 3.280548164913758002e-01
2.529350000000000088e-03 2.626189689895879198e-01
2.542669999999999913e-03 2.056748520644658962e-01
2.555979999999999797e-03 1.568958557970069334e-01
2.569290000000000115e-03 1.157901064162904781e-01
2.582600000000000000e-03 8.189267217290016609e-02
2.595919999999999825e-03 5.469419153043124371e-02
2.609230000000000143e-03 3.363639509680494549e-02
2.622540000000000027e-03 1.809624889241218809e-02
2.635849999999999912e-03 7.249458175225828929e-03
2.649170000000000171e-03 0.000000000000000000e+00
