1.331239999999999980e-05 1.033501791094763803e+03
2.662479999999999960e-05 1.033062380390338603e+03
3.993720000000000110e-05 1.032534332983652803e+03
5.324959999999999920e-05 1.031874691279227591e+03
6.656200000000000408e-05 1.031029993205874916e+03
7.987440000000000219e-05 1.029972123557005261e+03
9.318669999999999330e-05 1.028673139952801648e+03
1.064989999999999980e-04 1.027115236242882247e+03
1.198119999999999974e-04 1.025280710645274667e+03
1.331240000000000082e-04 1.023157280311201589e+03
1.464360000000000054e-04 1.020732319624405818e+03
1.597489999999999913e-04 1.017995605808073037e+03
1.730609999999999885e-04 1.014948357920349281e+03
1.863730000000000128e-04 1.011590626912939456e+03
1.996859999999999987e-04 1.007940054752784476e+03
2.129979999999999959e-04 1.004013622948167267e+03
2.263110000000000089e-04 9.998278794956302136e+02
2.396230000000000061e-04 9.954005541379237911e+02
2.529349999999999763e-04 9.907317023656693209e+02
2.662480000000000163e-04 9.858216687462287382e+02
2.795599999999999865e-04 9.806626922961181663e+02
2.928730000000000265e-04 9.752450983040923802e+02
3.061849999999999967e-04 9.695641476119851632e+02
3.194970000000000210e-04 9.636134231293755192e+02
3.328100000000000069e-04 9.573949954612413649e+02
3.461219999999999770e-04 9.509128089317720196e+02
3.594350000000000171e-04 9.441794155418235732e+02
3.727469999999999872e-04 9.372126250697563137e+02
3.860590000000000115e-04 9.300297627816988779e+02
3.993719999999999974e-04 9.226537225594466918e+02
4.126840000000000217e-04 9.150916601802845207e+02
4.259970000000000076e-04 9.073514758806022655e+02
4.393089999999999777e-04 8.994266625780105642e+02
4.526210000000000021e-04 8.913077465334771432e+02
4.659339999999999879e-04 8.829868051606375730e+02
4.792460000000000123e-04 8.744568881729881014e+02
4.925590000000000523e-04 8.657173979551006369e+02
5.058709999999999683e-04 8.567727300291923029e+02
5.191829999999999926e-04 8.476297077138478926e+02
5.324960000000000327e-04 8.383005190824707142e+02
5.458079999999999486e-04 8.287983848544851071e+02
5.591199999999999729e-04 8.191423409271665150e+02
5.724330000000000130e-04 8.093423687531674204e+02
5.857450000000000373e-04 7.994185695253025870e+02
5.990579999999999690e-04 7.893750557287426091e+02
6.123699999999999933e-04 7.792248011394652849e+02
6.256820000000000177e-04 7.689706080512161179e+02
6.389949999999999493e-04 7.586214027120784067e+02
6.523069999999999737e-04 7.481799639171064200e+02
6.656200000000000137e-04 7.376511394904391636e+02
6.789320000000000381e-04 7.270315566323115490e+02
6.922439999999999540e-04 7.163160768498968309e+02
7.055569999999999941e-04 7.054993790684192163e+02
7.188690000000000184e-04 6.945806674045314821e+02
7.321819999999999501e-04 6.835628160592411859e+02
7.454939999999999744e-04 6.724621182076716650e+02
7.588059999999999987e-04 6.612872264179912918e+02
7.721190000000000388e-04 6.500597615654916126e+02
7.854309999999999547e-04 6.387869184639264404e+02
7.987439999999999948e-04 6.274810322627212145e+02
8.120560000000000191e-04 6.161474089537657619e+02
8.253680000000000435e-04 6.047978363480660846e+02
8.386809999999999751e-04 5.934361711124238354e+02
8.519929999999999995e-04 5.820803883979650664e+02
8.653050000000000238e-04 5.707292687082434668e+02
8.786179999999999555e-04 5.593868859720744240e+02
8.919299999999999798e-04 5.480515742398324619e+02
9.052430000000000199e-04 5.367227628182646413e+02
9.185550000000000442e-04 5.254060596125560778e+02
9.318669999999999601e-04 5.141201111232824132e+02
9.451800000000000002e-04 5.028740228443356273e+02
9.584920000000000245e-04 4.916991767488774485e+02
9.718049999999999562e-04 4.805986858642390303e+02
9.851169999999999805e-04 4.695893159356926390e+02
9.984289999999998964e-04 4.586667195568649049e+02
1.011739999999999905e-03 4.478315328589293358e+02
1.025050000000000006e-03 4.370798857399171311e+02
1.038370000000000048e-03 4.264078906247482337e+02
1.051679999999999933e-03 4.158319231522177688e+02
1.064990000000000034e-03 4.053583677105360721e+02
1.078299999999999918e-03 3.949874515830102837e+02
1.091619999999999960e-03 3.847218290356082093e+02
1.104930000000000061e-03 3.745738775105336344e+02
1.118239999999999946e-03 3.645390387569042332e+02
1.131550000000000047e-03 3.546146398158277862e+02
1.144870000000000089e-03 3.447999842775809611e+02
1.158179999999999973e-03 3.351033447126557121e+02
1.171490000000000075e-03 3.255269794577639573e+02
1.184799999999999959e-03 3.160740670218805235e+02
1.198120000000000001e-03 3.067461483432272757e+02
1.211430000000000102e-03 2.975602638831647937e+02
1.224739999999999987e-03 2.885205961521538711e+02
1.238050000000000088e-03 2.796299614011852555e+02
1.251359999999999972e-03 2.708977098537430948e+02
1.264680000000000014e-03 2.623177430010439934e+02
1.277989999999999899e-03 2.539053911135958117e+02
1.291300000000000000e-03 2.456518181338725242e+02
1.304610000000000101e-03 2.375552103392257948e+02
1.317929999999999926e-03 2.296072270154823514e+02
1.331240000000000027e-03 2.218211412639262221e+02
1.344549999999999912e-03 2.141904724942859559e+02
1.357860000000000013e-03 2.067207468343352161e+02
1.371180000000000055e-03 1.994073146451362959e+02
1.384489999999999939e-03 1.922680096361798689e+02
1.397800000000000041e-03 1.852978199002492374e+02
1.411109999999999925e-03 1.785009975367824211e+02
1.424429999999999967e-03 1.718709587400573753e+02
1.437740000000000068e-03 1.654156268336903111e+02
1.451049999999999953e-03 1.591260750382945730e+02
1.464360000000000054e-03 1.529967886744293537e+02
1.477680000000000096e-03 1.470194169165838218e+02
1.490989999999999980e-03 1.412013480088732251e+02
1.504300000000000082e-03 1.355366904187624755e+02
1.517609999999999966e-03 1.300297710356241225e+02
1.530930000000000008e-03 1.246771361644078411e+02
1.544239999999999892e-03 1.194919870755278311e+02
1.557549999999999994e-03 1.144701131744166389e+02
1.570860000000000095e-03 1.096112693719513658e+02
1.584169999999999979e-03 1.049122259629570806e+02
1.597490000000000021e-03 1.003617094088975961e+02
1.610799999999999906e-03 9.596069341736678382e+01
1.624110000000000007e-03 9.169675359237623979e+01
1.637420000000000108e-03 8.756487948270078903e+01
1.650739999999999933e-03 8.355999919799106124e+01
1.664050000000000034e-03 7.968645534220340210e+01
1.677359999999999919e-03 7.594509056974632699e+01
1.690670000000000020e-03 7.233590943725171485e+01
1.703990000000000062e-03 6.885779032314464132e+01
1.717299999999999946e-03 6.551405268018736194e+01
1.730610000000000048e-03 6.229687520696567304e+01
1.743919999999999932e-03 5.920180206628368325e+01
1.757239999999999974e-03 5.622121926051030982e+01
1.770550000000000075e-03 5.335572316349156097e+01
1.783859999999999960e-03 5.060246620096179271e+01
1.797170000000000061e-03 4.795937330906859586e+01
1.810490000000000103e-03 4.542348323444586100e+01
1.823799999999999987e-03 4.299584113760465698e+01
1.837110000000000088e-03 4.066935650999553786e+01
1.850419999999999973e-03 3.843955081489215786e+01
1.863730000000000074e-03 3.630139834494491424e+01
1.877049999999999899e-03 3.424946371227507314e+01
1.890360000000000000e-03 3.228569207752060777e+01
1.903670000000000102e-03 3.040662161615938786e+01
1.916979999999999986e-03 2.861238556426856761e+01
1.930300000000000028e-03 2.690031815895881806e+01
1.943609999999999912e-03 2.527188708989533694e+01
1.956920000000000014e-03 2.372388556756420286e+01
1.970229999999999898e-03 2.225469793596876755e+01
1.983550000000000157e-03 2.086112697475406463e+01
1.996860000000000041e-03 1.954297137993447109e+01
2.010169999999999926e-03 1.829668436431882128e+01
2.023479999999999810e-03 1.711840683852351575e+01
2.036800000000000069e-03 1.600399635023543254e+01
2.050109999999999953e-03 1.494975334547697798e+01
2.063419999999999838e-03 1.395087318706801760e+01
2.076730000000000156e-03 1.300217825116910930e+01
2.090049999999999981e-03 1.209942666372025855e+01
2.103359999999999865e-03 1.124198102078901940e+01
2.116670000000000183e-03 1.042761899036672091e+01
2.129980000000000068e-03 9.657587994047398539e+00
2.143299999999999893e-03 8.931617723015602195e+00
2.156610000000000211e-03 8.250965849689459120e+00
2.169920000000000095e-03 7.614632020339192842e+00
2.183229999999999980e-03 7.019465024459596414e+00
2.196539999999999864e-03 6.463044788273112573e+00
2.209860000000000123e-03 5.941286962021787410e+00
2.223170000000000007e-03 5.452304512429404504e+00
2.236479999999999892e-03 4.993761789811221874e+00
2.249790000000000210e-03 4.564106958663897373e+00
2.263110000000000035e-03 4.161885674805678725e+00
2.276419999999999919e-03 3.786647224091121977e+00
2.289729999999999804e-03 3.436511971729067749e+00
2.303040000000000122e-03 3.110135299615270466e+00
2.316359999999999947e-03 2.805583637669149866e+00
2.329669999999999831e-03 2.521900072739759135e+00
2.342980000000000149e-03 2.257946938208221788e+00
2.356290000000000034e-03 2.012864883515522507e+00
2.369609999999999859e-03 1.786033419567936154e+00
2.382920000000000177e-03 1.577256699215493274e+00
2.396230000000000061e-03 1.385748245455736161e+00
2.409539999999999946e-03 1.210837557426424071e+00
2.422860000000000204e-03 1.051573454674075370e+00
2.436170000000000089e-03 9.073533904814560236e-01
2.449479999999999973e-03 7.770866157312321665e-01
2.462789999999999858e-03 6.598158455606093487e-01
2.476100000000000176e-03 5.548444514669768068e-01
2.489420000000000001e-03 4.613682973259726761e-01
2.502729999999999885e-03 3.791255379751231613e-01
2.516040000000000203e-03 3.075681294891457473e-01
2.529350000000000088e-03 2.459264968286560271e-01
2.542669999999999913e-03 1.933831813915306286e-01
2.555979999999999797e-03 1.489837185275000309e-01
2.569290000000000115e-03 1.116924762303477953e-01
2.582600000000000000e-03 8.077643165549797111e-02
2.595919999999999825e-03 5.549385710403303973e-02
2.609230000000000143e-03 3.534525512884051368e-02
2.622540000000000027e-03 1.977691561493310005e-02
2.635849999999999912e-03 8.240766384591449029e-03
2.649170000000000171e-03 0.000000000000000000e+00
