1.331239999999999980e-05 1.035314037357819416e+03
2.662479999999999960e-05 1.034316366555369996e+03
3.993720000000000110e-05 1.033288265135597157e+03
5.324959999999999920e-05 1.032110494333147699e+03
6.656200000000000408e-05 1.030739606913374928e+03
7.987440000000000219e-05 1.029138133110925310e+03
9.318669999999999330e-05 1.027312898684817810e+03
1.064989999999999980e-04 1.025249198457236162e+03
1.198119999999999974e-04 1.022960062774782728e+03
1.331240000000000082e-04 1.020434938668546579e+03
1.464360000000000054e-04 1.017682170047013301e+03
1.597489999999999913e-04 1.014686994885956096e+03
1.730609999999999885e-04 1.011458062073756423e+03
1.863730000000000128e-04 1.007980103399364793e+03
1.996859999999999987e-04 1.004262013731239790e+03
2.129979999999999959e-04 1.000290054415244185e+03
2.263110000000000089e-04 9.960702608842187828e+02
2.396230000000000061e-04 9.915861042453517484e+02
2.529349999999999763e-04 9.868499447206269224e+02
2.662480000000000163e-04 9.818501703447000182e+02
2.795599999999999865e-04 9.766127211696955328e+02
2.928730000000000265e-04 9.711396691151273899e+02
3.061849999999999967e-04 9.654513085346980006e+02
3.194970000000000210e-04 9.595441637610597354e+02
3.328100000000000069e-04 9.534253650379129112e+02
3.461219999999999770e-04 9.470790459720211629e+02
3.594350000000000171e-04 9.405124418194644704e+02
3.727469999999999872e-04 9.337106204019793267e+02
3.860590000000000115e-04 9.266877800029801620e+02
3.993719999999999974e-04 9.194357283371700760e+02
4.126840000000000217e-04 9.119740754387912602e+02
4.259970000000000076e-04 9.042990453658403567e+02
4.393089999999999777e-04 8.964265942349917395e+02
4.526210000000000021e-04 8.883484276006340679e+02
4.659339999999999879e-04 8.800796223443885538e+02
4.792460000000000123e-04 8.716157098003616284e+02
4.925590000000000523e-04 8.629724917116533334e+02
5.058709999999999683e-04 8.541479052614998864e+02
5.191829999999999926e-04 8.451572832324839055e+02
5.324960000000000327e-04 8.359954019026359902e+02
5.458079999999999486e-04 8.266754603025784718e+02
5.591199999999999729e-04 8.171860620541780236e+02
5.724330000000000130e-04 8.075448206955055639e+02
5.857450000000000373e-04 7.977538959247843877e+02
5.990579999999999690e-04 7.878339484849187784e+02
6.123699999999999933e-04 7.777935872114961739e+02
6.256820000000000177e-04 7.676460711109360773e+02
6.389949999999999493e-04 7.573842335204789151e+02
6.523069999999999737e-04 7.470185345489054498e+02
6.656200000000000137e-04 7.365337987466168670e+02
6.789320000000000381e-04 7.259425465457564997e+02
6.922439999999999540e-04 7.152346908027935797e+02
7.055569999999999941e-04 7.044275934221160469e+02
7.188690000000000184e-04 6.935266858990191849e+02
7.321819999999999501e-04 6.825509478579142524e+02
7.454939999999999744e-04 6.715095367979893126e+02
7.588059999999999987e-04 6.604193895537063099e+02
7.721190000000000388e-04 6.492821835150717789e+02
7.854309999999999547e-04 6.381145191996496351e+02
7.987439999999999948e-04 6.269132617682383852e+02
8.120560000000000191e-04 6.156924157390403707e+02
8.253680000000000435e-04 6.044456004711427113e+02
8.386809999999999751e-04 5.931827631697115066e+02
8.519929999999999995e-04 5.818979673678709332e+02
8.653050000000000238e-04 5.706041997792400480e+02
8.786179999999999555e-04 5.593006449754492451e+02
8.919299999999999798e-04 5.480036102578184227e+02
9.052430000000000199e-04 5.367117385425123075e+02
9.185550000000000442e-04 5.254400096193711533e+02
9.318669999999999601e-04 5.141852365028960321e+02
9.451800000000000002e-04 5.029634403834386944e+02
9.584920000000000245e-04 4.917843130009380275e+02
9.718049999999999562e-04 4.806630378889712460e+02
9.851169999999999805e-04 4.696070581643379569e+02
9.984289999999998964e-04 4.586285956593819151e+02
1.011739999999999905e-03 4.477261980708522060e+02
1.025050000000000006e-03 4.369141642484600538e+02
1.038370000000000048e-03 4.261886039634370036e+02
1.051679999999999933e-03 4.155844471087222587e+02
1.064990000000000034e-03 4.051041201149028552e+02
1.078299999999999918e-03 3.947510033276641366e+02
1.091619999999999960e-03 3.845193194945382515e+02
1.104930000000000061e-03 3.744197255356416463e+02
1.118239999999999946e-03 3.644354263756923160e+02
1.131550000000000047e-03 3.545562471066886019e+02
1.144870000000000089e-03 3.447724243480474797e+02
1.158179999999999973e-03 3.350971277784307176e+02
1.171490000000000075e-03 3.255414784840874631e+02
1.184799999999999959e-03 3.161048747760059996e+02
1.198120000000000001e-03 3.068018465890505695e+02
1.211430000000000102e-03 2.976506174345961995e+02
1.224739999999999987e-03 2.886493005044032998e+02
1.238050000000000088e-03 2.797963011623996863e+02
1.251359999999999972e-03 2.710905124522927849e+02
1.264680000000000014e-03 2.625240058514093562e+02
1.277989999999999899e-03 2.541133489076624130e+02
1.291300000000000000e-03 2.458519724222941250e+02
1.304610000000000101e-03 2.377447838644681042e+02
1.317929999999999926e-03 2.297858327528440725e+02
1.331240000000000027e-03 2.219914555466153843e+02
1.344549999999999912e-03 2.143568182699555678e+02
1.357860000000000013e-03 2.068913140020322601e+02
1.371180000000000055e-03 1.995910901129759054e+02
1.384489999999999939e-03 1.924737038545350458e+02
1.397800000000000041e-03 1.855322407817151600e+02
1.411109999999999925e-03 1.787635683284262882e+02
1.424429999999999967e-03 1.721586764693084035e+02
1.437740000000000068e-03 1.657231719472027294e+02
1.451049999999999953e-03 1.594500208819457328e+02
1.464360000000000054e-03 1.533446466303412592e+02
1.477680000000000096e-03 1.474025455305255434e+02
1.490989999999999980e-03 1.416347007789263444e+02
1.504300000000000082e-03 1.360333092992599688e+02
1.517609999999999966e-03 1.305887715097987609e+02
1.530930000000000008e-03 1.252906573298472210e+02
1.544239999999999892e-03 1.201376936889547835e+02
1.557549999999999994e-03 1.151218702913998584e+02
1.570860000000000095e-03 1.102447822454222717e+02
1.584169999999999979e-03 1.055063805814988029e+02
1.597490000000000021e-03 1.009075881923854183e+02
1.610799999999999906e-03 9.645535694367711699e+01
1.624110000000000007e-03 9.214661449346502309e+01
1.637420000000000108e-03 8.798015832327705255e+01
1.650739999999999933e-03 8.395430638625946074e+01
1.664050000000000034e-03 8.007369478391973416e+01
1.677359999999999919e-03 7.633387973826590667e+01
1.690670000000000020e-03 7.273162147156433832e+01
1.703990000000000062e-03 6.925776367574653136e+01
1.717299999999999946e-03 6.591268394311933321e+01
1.730610000000000048e-03 6.268887034940353686e+01
1.743919999999999932e-03 5.958268461582557762e+01
1.757239999999999974e-03 5.659096266014115173e+01
1.770550000000000075e-03 5.371590806646677407e+01
1.783859999999999960e-03 5.095306658559776025e+01
1.797170000000000061e-03 4.829950780616840689e+01
1.810490000000000103e-03 4.575009177004159255e+01
1.823799999999999987e-03 4.330547569960950938e+01
1.837110000000000088e-03 4.096200227221504520e+01
1.850419999999999973e-03 3.871690478155908721e+01
1.863730000000000074e-03 3.656672896293304831e+01
1.877049999999999899e-03 3.450646420772889655e+01
1.890360000000000000e-03 3.253525672717501749e+01
1.903670000000000102e-03 3.064823364934309780e+01
1.916979999999999986e-03 2.884380255488371603e+01
1.930300000000000028e-03 2.711865401983693857e+01
1.943609999999999912e-03 2.547558562743209976e+01
1.956920000000000014e-03 2.391216142240901021e+01
1.970229999999999898e-03 2.242799431032874935e+01
1.983550000000000157e-03 2.102042093638414499e+01
1.996860000000000041e-03 1.968830878905477277e+01
2.010169999999999926e-03 1.842774383505944513e+01
2.023479999999999810e-03 1.723607724418107523e+01
2.036800000000000069e-03 1.610998368678625070e+01
2.050109999999999953e-03 1.504857987179043555e+01
2.063419999999999838e-03 1.404840301607341324e+01
2.076730000000000156e-03 1.310308442825738595e+01
2.090049999999999981e-03 1.220749711396373982e+01
2.103359999999999865e-03 1.135792130524633770e+01
2.116670000000000183e-03 1.055023740243843200e+01
2.129980000000000068e-03 9.782483420070020586e+00
2.143299999999999893e-03 9.052583061540635967e+00
2.156610000000000211e-03 8.361281534455445197e+00
2.169920000000000095e-03 7.707545441922330376e+00
2.183229999999999980e-03 7.092057498276723493e+00
2.196539999999999864e-03 6.514882890880423716e+00
2.209860000000000123e-03 5.974516582576545609e+00
2.223170000000000007e-03 5.470651692934148436e+00
2.236479999999999892e-03 4.999673045623739043e+00
2.249790000000000210e-03 4.559190841093147206e+00
2.263110000000000035e-03 4.147411559793943603e+00
2.276419999999999919e-03 3.763704191816420241e+00
2.289729999999999804e-03 3.407497480305024862e+00
2.303040000000000122e-03 3.078278572181083472e+00
2.316359999999999947e-03 2.773517023840788909e+00
2.329669999999999831e-03 2.491785194636442213e+00
2.342980000000000149e-03 2.230810441447965697e+00
2.356290000000000034e-03 1.988916154630233857e+00
2.369609999999999859e-03 1.765738879692897667e+00
2.382920000000000177e-03 1.561244928986039504e+00
2.396230000000000061e-03 1.374636809939780990e+00
2.409539999999999946e-03 1.205210047836283715e+00
2.422860000000000204e-03 1.051413097963155296e+00
2.436170000000000089e-03 9.121571285637879445e-01
2.449479999999999973e-03 7.859170767678265168e-01
2.462789999999999858e-03 6.713860593200838833e-01
2.476100000000000176e-03 5.675488822997548644e-01
2.489420000000000001e-03 4.733567578037475299e-01
2.502729999999999885e-03 3.888687899446572893e-01
2.516040000000000203e-03 3.138170452214640305e-01
2.529350000000000088e-03 2.482921151355081402e-01
2.542669999999999913e-03 1.922109606693298001e-01
2.555979999999999797e-03 1.450023695517829170e-01
2.569290000000000115e-03 1.059508112414869613e-01
2.582600000000000000e-03 7.426007044668790635e-02
2.595919999999999825e-03 4.911724254645404020e-02
2.609230000000000143e-03 2.988586262579657343e-02
2.622540000000000027e-03 1.587348858597458987e-02
2.635849999999999912e-03 6.270924393534130399e-03
2.649170000000000171e-03 0.000000000000000000e+00
