1.331239999999999980e-05 1.043856730749105736e+03
2.662479999999999960e-05 1.042679885377952132e+03
3.993720000000000110e-05 1.041530090749105966e+03
5.324959999999999920e-05 1.040273752877952120e+03
6.656200000000000408e-05 1.038833864082439504e+03
7.987440000000000219e-05 1.037181052600174553e+03
9.318669999999999330e-05 1.035282302516710843e+03
1.064989999999999980e-04 1.033124568818289163e+03
1.198119999999999974e-04 1.030712819547561367e+03
1.331240000000000082e-04 1.028059006332263380e+03
1.464360000000000054e-04 1.025171149724622637e+03
1.597489999999999913e-04 1.022064242891856679e+03
1.730609999999999885e-04 1.018717198113905738e+03
1.863730000000000128e-04 1.015119085883407820e+03
1.996859999999999987e-04 1.011254765666639173e+03
2.129979999999999959e-04 1.007119461315763715e+03
2.263110000000000089e-04 1.002713263709873900e+03
2.396230000000000061e-04 9.980465127021398075e+02
2.529349999999999763e-04 9.931199167059729689e+02
2.662480000000000163e-04 9.879430543694927565e+02
2.795599999999999865e-04 9.825238467696233329e+02
2.928730000000000265e-04 9.768787538001600979e+02
3.061849999999999967e-04 9.710100775664336652e+02
3.194970000000000210e-04 9.649287066113931814e+02
3.328100000000000069e-04 9.586277672398583718e+02
3.461219999999999770e-04 9.521105241167373379e+02
3.594350000000000171e-04 9.453727750314232026e+02
3.727469999999999872e-04 9.384219909503639201e+02
3.860590000000000115e-04 9.312616028654995262e+02
3.993719999999999974e-04 9.239070144859796301e+02
4.126840000000000217e-04 9.163571011297163977e+02
4.259970000000000076e-04 9.086187586749199454e+02
4.393089999999999777e-04 9.006844374456966307e+02
4.526210000000000021e-04 8.925529291916916463e+02
4.659339999999999879e-04 8.842180360213657195e+02
4.792460000000000123e-04 8.756850014544339729e+02
4.925590000000000523e-04 8.669495370616758692e+02
5.058709999999999683e-04 8.580203330709294960e+02
5.191829999999999926e-04 8.489009660775998327e+02
5.324960000000000327e-04 8.396093578678824088e+02
5.458079999999999486e-04 8.301472842490651374e+02
5.591199999999999729e-04 8.205263500666021628e+02
5.724330000000000130e-04 8.107444394718392005e+02
5.857450000000000373e-04 8.008135706659094240e+02
5.990579999999999690e-04 7.907374264446650614e+02
6.123699999999999933e-04 7.805400778092036944e+02
6.256820000000000177e-04 7.702181981818290524e+02
6.389949999999999493e-04 7.597798116851419081e+02
6.523069999999999737e-04 7.492257904120565399e+02
6.656200000000000137e-04 7.385687719074755933e+02
6.789320000000000381e-04 7.278117509535812815e+02
6.922439999999999540e-04 7.169719391495475520e+02
7.055569999999999941e-04 7.060419224028383951e+02
7.188690000000000184e-04 6.950261697075026177e+02
7.321819999999999501e-04 6.839237637321170951e+02
7.454939999999999744e-04 6.727560905589809863e+02
7.588059999999999987e-04 6.615309499051144257e+02
7.721190000000000388e-04 6.502813812036943091e+02
7.854309999999999547e-04 6.390087097552583373e+02
7.987439999999999948e-04 6.277254986101994518e+02
8.120560000000000191e-04 6.164242959956085315e+02
8.253680000000000435e-04 6.051045205865663092e+02
8.386809999999999751e-04 5.937611066613791309e+02
8.519929999999999995e-04 5.824098301286601327e+02
8.653050000000000238e-04 5.710486819644625029e+02
8.786179999999999555e-04 5.596948299096316077e+02
8.919299999999999798e-04 5.483465678357885054e+02
9.052430000000000199e-04 5.370144503248355932e+02
9.185550000000000442e-04 5.256974495485987973e+02
9.318669999999999601e-04 5.144106185946021697e+02
9.451800000000000002e-04 5.031542872987080273e+02
9.584920000000000245e-04 4.919552573945296103e+02
9.718049999999999562e-04 4.808152135766592323e+02
9.851169999999999805e-04 4.697647397764603170e+02
9.984289999999998964e-04 4.588015282923748259e+02
1.011739999999999905e-03 4.479428829869231663e+02
1.025050000000000006e-03 4.371812852769066922e+02
1.038370000000000048e-03 4.265139764871152579e+02
1.051679999999999933e-03 4.159483686939690870e+02
1.064990000000000034e-03 4.054836710452076431e+02
1.078299999999999918e-03 3.951114999689036722e+02
1.091619999999999960e-03 3.848313060365207434e+02
1.104930000000000061e-03 3.746495438103451647e+02
1.118239999999999946e-03 3.645637424979537400e+02
1.131550000000000047e-03 3.545682814033371528e+02
1.144870000000000089e-03 3.446720582465714529e+02
1.158179999999999973e-03 3.348883112335640249e+02
1.171490000000000075e-03 3.252367914380023990e+02
1.184799999999999959e-03 3.157262275922661843e+02
1.198120000000000001e-03 3.063648592808974058e+02
1.211430000000000102e-03 2.971674773390485598e+02
1.224739999999999987e-03 2.881271289195797749e+02
1.238050000000000088e-03 2.792415746707295625e+02
1.251359999999999972e-03 2.705116116901839405e+02
1.264680000000000014e-03 2.619304402094294346e+02
1.277989999999999899e-03 2.535176801117622745e+02
1.291300000000000000e-03 2.452663615683102023e+02
1.304610000000000101e-03 2.371780398606657059e+02
1.317929999999999926e-03 2.292446109440923863e+02
1.331240000000000027e-03 2.214774658095162181e+02
1.344549999999999912e-03 2.138687715550971404e+02
1.357860000000000013e-03 2.064206900333629449e+02
1.371180000000000055e-03 1.991269629888907957e+02
1.384489999999999939e-03 1.920021160571464804e+02
1.397800000000000041e-03 1.850412567678564528e+02
1.411109999999999925e-03 1.782522813224933316e+02
1.424429999999999967e-03 1.716299646133051056e+02
1.437740000000000068e-03 1.651835794985456403e+02
1.451049999999999953e-03 1.589044913312853282e+02
1.464360000000000054e-03 1.527866456026557387e+02
1.477680000000000096e-03 1.468228342193044682e+02
1.490989999999999980e-03 1.410264306832594912e+02
1.504300000000000082e-03 1.353925206357652939e+02
1.517609999999999966e-03 1.299218002521984658e+02
1.530930000000000008e-03 1.246067676786159666e+02
1.544239999999999892e-03 1.194454859118912964e+02
1.557549999999999994e-03 1.144290065648255705e+02
1.570860000000000095e-03 1.095557544456267891e+02
1.584169999999999979e-03 1.048249829834269065e+02
1.597490000000000021e-03 1.002397402959988710e+02
1.610799999999999906e-03 9.580770847820416236e+01
1.624110000000000007e-03 9.152661497664193746e+01
1.637420000000000108e-03 8.739407977969784724e+01
1.650739999999999933e-03 8.340049437191242987e+01
1.664050000000000034e-03 7.954706817272709429e+01
1.677359999999999919e-03 7.582573094015677384e+01
1.690670000000000020e-03 7.223268366028591458e+01
1.703990000000000062e-03 6.876297474519111574e+01
1.717299999999999946e-03 6.541915710058228228e+01
1.730610000000000048e-03 6.219735052614181114e+01
1.743919999999999932e-03 5.909594231836654643e+01
1.757239999999999974e-03 5.611615568582597291e+01
1.770550000000000075e-03 5.326171365096578825e+01
1.783859999999999960e-03 5.052727080234437551e+01
1.797170000000000061e-03 4.790869342273757070e+01
1.810490000000000103e-03 4.539528058464419757e+01
1.823799999999999987e-03 4.298482368344144788e+01
1.837110000000000088e-03 4.067017996649407507e+01
1.850419999999999973e-03 3.844722855268823025e+01
1.863730000000000074e-03 3.631355881649927397e+01
1.877049999999999899e-03 3.426530211775119739e+01
1.890360000000000000e-03 3.230760702543430796e+01
1.903670000000000102e-03 3.043854907118793918e+01
1.916979999999999986e-03 2.865910351555903901e+01
1.930300000000000028e-03 2.696666735572425466e+01
1.943609999999999912e-03 2.535967301842783073e+01
1.956920000000000014e-03 2.383309244807995597e+01
1.970229999999999898e-03 2.238104099062771013e+01
1.983550000000000157e-03 2.099806215432500522e+01
1.996860000000000041e-03 1.968138630036560954e+01
2.010169999999999926e-03 1.842659111889572898e+01
2.023479999999999810e-03 1.723353771883489216e+01
2.036800000000000069e-03 1.610039039214001022e+01
2.050109999999999953e-03 1.502776584842816554e+01
2.063419999999999838e-03 1.401321433052222964e+01
2.076730000000000156e-03 1.305265467640081845e+01
2.090049999999999981e-03 1.214241029275600425e+01
2.103359999999999865e-03 1.128173182953156051e+01
2.116670000000000183e-03 1.046811138151930187e+01
2.129980000000000068e-03 9.699815090178084631e+00
2.143299999999999893e-03 8.974689737056129601e+00
2.156610000000000211e-03 8.291101889567189076e+00
2.169920000000000095e-03 7.646458985298497879e+00
2.183229999999999980e-03 7.039083236808306943e+00
2.196539999999999864e-03 6.467630595294408202e+00
2.209860000000000123e-03 5.930956513486527193e+00
2.223170000000000007e-03 5.429087848729173160e+00
2.236479999999999892e-03 4.960760335169517532e+00
2.249790000000000210e-03 4.525064575704557335e+00
2.263110000000000035e-03 4.119787214136086284e+00
2.276419999999999919e-03 3.743934152840662666e+00
2.289729999999999804e-03 3.394885255397018575e+00
2.303040000000000122e-03 3.070775535099615983e+00
2.316359999999999947e-03 2.769669364459882210e+00
2.329669999999999831e-03 2.490579891119500733e+00
2.342980000000000149e-03 2.232228743678979832e+00
2.356290000000000034e-03 1.993619470023233253e+00
2.369609999999999859e-03 1.773146381224152801e+00
2.382920000000000177e-03 1.569873842794598851e+00
2.396230000000000061e-03 1.382545131182696174e+00
2.409539999999999946e-03 1.210159212506663584e+00
2.422860000000000204e-03 1.052581354800582236e+00
2.436170000000000089e-03 9.098405346476361455e-01
2.449479999999999973e-03 7.809247578088508446e-01
2.462789999999999858e-03 6.649365959863002828e-01
2.476100000000000176e-03 5.606515264945873822e-01
2.489420000000000001e-03 4.668468910567461494e-01
2.502729999999999885e-03 3.833241833195678572e-01
2.516040000000000203e-03 3.096000609539466542e-01
2.529350000000000088e-03 2.454197927937128987e-01
2.542669999999999913e-03 1.904098740212676055e-01
2.555979999999999797e-03 1.439234628184032361e-01
2.569290000000000115e-03 1.051873196409984779e-01
2.582600000000000000e-03 7.354617745926500527e-02
2.595919999999999825e-03 4.832039331155761619e-02
2.609230000000000143e-03 2.902353947362840136e-02
2.622540000000000027e-03 1.510532980677972877e-02
2.635849999999999912e-03 5.779004336847015470e-03
2.649170000000000171e-03 0.000000000000000000e+00
