1.331239999999999980e-05 1.000344132247910920e+03
2.662479999999999960e-05 9.997253575443955924e+02
3.993720000000000110e-05 9.991868472479110324e+02
5.324959999999999920e-05 9.986351900443958129e+02
6.656200000000000408e-05 9.980258385812442157e+02
7.987440000000000219e-05 9.973331395443956353e+02
9.318669999999999330e-05 9.965260329414691114e+02
1.064989999999999980e-04 9.955823843807122557e+02
1.198119999999999974e-04 9.944705793071555036e+02
1.331240000000000082e-04 9.931663780712633525e+02
1.464360000000000054e-04 9.916390342623687957e+02
1.597489999999999913e-04 9.898626583016904306e+02
1.730609999999999885e-04 9.878120459718385291e+02
1.863730000000000128e-04 9.854634993172165878e+02
1.996859999999999987e-04 9.828015420336653278e+02
2.129979999999999959e-04 9.798104693919434567e+02
2.263110000000000089e-04 9.764885175712353202e+02
2.396230000000000061e-04 9.728326187760474113e+02
2.529349999999999763e-04 9.688545588449679826e+02
2.662480000000000163e-04 9.645641368325213989e+02
2.795599999999999865e-04 9.599808857106982032e+02
2.928730000000000265e-04 9.551223764516100800e+02
3.061849999999999967e-04 9.500061781673725818e+02
3.194970000000000210e-04 9.446489786048488213e+02
3.328100000000000069e-04 9.390600350453529472e+02
3.461219999999999770e-04 9.332499818814499122e+02
3.594350000000000171e-04 9.272208820340655393e+02
3.727469999999999872e-04 9.209762240774952033e+02
3.860590000000000115e-04 9.145146584683348010e+02
3.993719999999999974e-04 9.078339437122626805e+02
4.126840000000000217e-04 9.009323763814821859e+02
4.259970000000000076e-04 8.938047136585882981e+02
4.393089999999999777e-04 8.864498596635822878e+02
4.526210000000000021e-04 8.788634887708381029e+02
4.659339999999999879e-04 8.710473867964199144e+02
4.792460000000000123e-04 8.630051535464249355e+02
4.925590000000000523e-04 8.547445598448020974e+02
5.058709999999999683e-04 8.462790026947268416e+02
5.191829999999999926e-04 8.376198477315379023e+02
5.324960000000000327e-04 8.287834581062435291e+02
5.458079999999999486e-04 8.197800640991841874e+02
5.591199999999999729e-04 8.106219314480487128e+02
5.724330000000000130e-04 8.013127062886811700e+02
5.857450000000000373e-04 7.918605599028851429e+02
5.990579999999999690e-04 7.822677197620744209e+02
6.123699999999999933e-04 7.725424862330424958e+02
6.256820000000000177e-04 7.626899138625491332e+02
6.389949999999999493e-04 7.527203342059058286e+02
6.523069999999999737e-04 7.426407001579882490e+02
6.656200000000000137e-04 7.324601815587916462e+02
6.789320000000000381e-04 7.221822873574022879e+02
6.922439999999999540e-04 7.118112046527528491e+02
7.055569999999999941e-04 7.013462154421475816e+02
7.188690000000000184e-04 6.907914120202790400e+02
7.321819999999999501e-04 6.801475849119033228e+02
7.454939999999999744e-04 6.694240203859848179e+02
7.588059999999999987e-04 6.586254904455869337e+02
7.721190000000000388e-04 6.477649090996084169e+02
7.854309999999999547e-04 6.368493795984766166e+02
7.987439999999999948e-04 6.258904124582554687e+02
8.120560000000000191e-04 6.148921563438128715e+02
8.253680000000000435e-04 6.038615065942877891e+02
8.386809999999999751e-04 5.927978690272353788e+02
8.519929999999999995e-04 5.817074036218054971e+02
8.653050000000000238e-04 5.705899546508942421e+02
8.786179999999999555e-04 5.594512412727276569e+02
8.919299999999999798e-04 5.482959757882048279e+02
9.052430000000000199e-04 5.371342514652696991e+02
9.185550000000000442e-04 5.259733329224500267e+02
9.318669999999999601e-04 5.148293873222708044e+02
9.451800000000000002e-04 5.037084855738833653e+02
9.584920000000000245e-04 4.926319725024322338e+02
9.718049999999999562e-04 4.816040848438635180e+02
9.851169999999999805e-04 4.706440718925305191e+02
9.984289999999998964e-04 4.597536952855190862e+02
1.011739999999999905e-03 4.489446746075858528e+02
1.025050000000000006e-03 4.382155681880482234e+02
1.038370000000000048e-03 4.275611660884093226e+02
1.051679999999999933e-03 4.169936882282879083e+02
1.064990000000000034e-03 4.065053164263672443e+02
1.078299999999999918e-03 3.960929269069727070e+02
1.091619999999999960e-03 3.857521837406430336e+02
1.104930000000000061e-03 3.754984513719750794e+02
1.118239999999999946e-03 3.653342408351938388e+02
1.131550000000000047e-03 3.552685077707337200e+02
1.144870000000000089e-03 3.453214146783560636e+02
1.158179999999999973e-03 3.354964283857735268e+02
1.171490000000000075e-03 3.258174845566619524e+02
1.184799999999999959e-03 3.162938434918876283e+02
1.198120000000000001e-03 3.069309308748086096e+02
1.211430000000000102e-03 2.977436814676802896e+02
1.224739999999999987e-03 2.887277590694470746e+02
1.238050000000000088e-03 2.798801582897362437e+02
1.251359999999999972e-03 2.711975287796774978e+02
1.264680000000000014e-03 2.626701386453073042e+02
1.277989999999999899e-03 2.543103674443592297e+02
1.291300000000000000e-03 2.461109410545691389e+02
1.304610000000000101e-03 2.380779220946108978e+02
1.317929999999999926e-03 2.302064310017906053e+02
1.331240000000000027e-03 2.225158622205994732e+02
1.344549999999999912e-03 2.149999964817819773e+02
1.357860000000000013e-03 2.076600939554606953e+02
1.371180000000000055e-03 2.004867922288048590e+02
1.384489999999999939e-03 1.934831753766177656e+02
1.397800000000000041e-03 1.866370331385306827e+02
1.411109999999999925e-03 1.799373803863426247e+02
1.424429999999999967e-03 1.733732559628311662e+02
1.437740000000000068e-03 1.669492302954285776e+02
1.451049999999999953e-03 1.606582189617162726e+02
1.464360000000000054e-03 1.545047601268595940e+02
1.477680000000000096e-03 1.484862162037340454e+02
1.490989999999999980e-03 1.426220347055029833e+02
1.504300000000000082e-03 1.369108367563527224e+02
1.517609999999999966e-03 1.313613174782090880e+02
1.530930000000000008e-03 1.259707497039377273e+02
1.544239999999999892e-03 1.207495400105368759e+02
1.557549999999999994e-03 1.156919838738565858e+02
1.570860000000000095e-03 1.107948430662209489e+02
1.584169999999999979e-03 1.060544842292831333e+02
1.597490000000000021e-03 1.014624823066961028e+02
1.610799999999999906e-03 9.702168048652829668e+01
1.624110000000000007e-03 9.272437479967645402e+01
1.637420000000000108e-03 8.856682058298213178e+01
1.650739999999999933e-03 8.454212555182273547e+01
1.664050000000000034e-03 8.065266074412228647e+01
1.677359999999999919e-03 7.689109444303765883e+01
1.690670000000000020e-03 7.325372158065522399e+01
1.703990000000000062e-03 6.973416907874347714e+01
1.717299999999999946e-03 6.633462483289365252e+01
1.730610000000000048e-03 6.305127814100033845e+01
1.743919999999999932e-03 5.988235985688080376e+01
1.757239999999999974e-03 5.682721271556529530e+01
1.770550000000000075e-03 5.388979220602031717e+01
1.783859999999999960e-03 5.107038967376566774e+01
1.797170000000000061e-03 4.836850640192263029e+01
1.810490000000000103e-03 4.578359039666713670e+01
1.823799999999999987e-03 4.331816594262594577e+01
1.837110000000000088e-03 4.096927297140599222e+01
1.850419999999999973e-03 3.873415779543603321e+01
1.863730000000000074e-03 3.660885215458380770e+01
1.877049999999999899e-03 3.458761395740027922e+01
1.890360000000000000e-03 3.266686275498803838e+01
1.903670000000000102e-03 3.083975230547966717e+01
1.916979999999999986e-03 2.909867966996212019e+01
1.930300000000000028e-03 2.743689061570474408e+01
1.943609999999999912e-03 2.585054418108360608e+01
1.956920000000000014e-03 2.433389146644525880e+01
1.970229999999999898e-03 2.288324037673091027e+01
1.983550000000000157e-03 2.149464131400825551e+01
1.996860000000000041e-03 2.016895239294230535e+01
2.010169999999999926e-03 1.890363222958800549e+01
2.023479999999999810e-03 1.769875598059900312e+01
2.036800000000000069e-03 1.655270419582429753e+01
2.050109999999999953e-03 1.546740822918964042e+01
2.063419999999999838e-03 1.444132222903238549e+01
2.076730000000000156e-03 1.347383438112130349e+01
2.090049999999999981e-03 1.256306814302497266e+01
2.103359999999999865e-03 1.170808410558599810e+01
2.116670000000000183e-03 1.090601099487996883e+01
2.129980000000000068e-03 1.015246459653181255e+01
2.143299999999999893e-03 9.443564024392804512e+00
2.156610000000000211e-03 8.774750424375588054e+00
2.169920000000000095e-03 8.141557386141480279e+00
2.183229999999999980e-03 7.539116497569731123e+00
2.196539999999999864e-03 6.964122209112644235e+00
2.209860000000000123e-03 6.413833266291162793e+00
2.223170000000000007e-03 5.887463436479817958e+00
2.236479999999999892e-03 5.384987401507895122e+00
2.249790000000000210e-03 4.906542642843144897e+00
2.263110000000000035e-03 4.453437719599952160e+00
2.276419999999999919e-03 4.027273749935352143e+00
2.289729999999999804e-03 3.628875218350528620e+00
2.303040000000000122e-03 3.258775465979405705e+00
2.316359999999999947e-03 2.916492202008253543e+00
2.329669999999999831e-03 2.602074418560867297e+00
2.342980000000000149e-03 2.313806870738616350e+00
2.356290000000000034e-03 2.050330045635607501e+00
2.369609999999999859e-03 1.809501491282751395e+00
2.382920000000000177e-03 1.589956964069281442e+00
2.396230000000000061e-03 1.389821309865169496e+00
2.409539999999999946e-03 1.207564892581563409e+00
2.422860000000000204e-03 1.041981009647849232e+00
2.436170000000000089e-03 8.922560018422179828e-01
2.449479999999999973e-03 7.576364958700728680e-01
2.462789999999999858e-03 6.374055316756283007e-01
2.476100000000000176e-03 5.309702218799053908e-01
2.489420000000000001e-03 4.375775214925942125e-01
2.502729999999999885e-03 3.565374777762344571e-01
2.516040000000000203e-03 2.869188231011328694e-01
2.529350000000000088e-03 2.276768016815367557e-01
2.542669999999999913e-03 1.777422534215367944e-01
2.555979999999999797e-03 1.361209662408673915e-01
2.569290000000000115e-03 1.017364164936220561e-01
2.582600000000000000e-03 7.365928320022652187e-02
2.595919999999999825e-03 5.096563120524548463e-02
2.609230000000000143e-03 3.294227249356966591e-02
2.622540000000000027e-03 1.883954806022448275e-02
2.635849999999999912e-03 8.107217849514453470e-03
2.649170000000000171e-03 0.000000000000000000e+00
