3.911728323476175347e-06
8.715930703645206963e-06
2.126427982087266831e-05
8.995416652316328668e-05
2.479238606911678502e-04
4.050916770550667977e-04
3.974247940286215622e-04
3.071559525958602482e-04
2.518007262208438179e-04
2.369391817792372004e-04
2.086943371893698683e-04
1.185242618307532107e-04
8.994292354666022277e-05
7.082196338527097705e-05
5.540813484292055687e-05
5.222522418046817734e-05
5.787163218808413101e-05
3.571361330514953353e-05
3.590132475986736193e-05
2.479975366456868837e-05
1.914697794661414723e-05
9.058866052402876702e-07
0.000000000000000000e+00
0.000000000000000000e+00
0.000000000000000000e+00
0.000000000000000000e+00
0.000000000000000000e+00
0.000000000000000000e+00
0.000000000000000000e+00
0.000000000000000000e+00
