2.177620890491964494e-05
4.998402969230272879e-05
1.191820828597700826e-04
5.559735659176914769e-04
1.753666063888706687e-03
3.262164248151809120e-03
3.583947336499186676e-03
3.082553245107575758e-03
2.775537035197445448e-03
2.868025317401447314e-03
2.678972511162785227e-03
1.663653668133828391e-03
1.349291429738040367e-03
1.110056223908655612e-03
8.647810264560568680e-04
7.692178090049406119e-04
8.103986593606103163e-04
5.412599308995301927e-04
5.010215382171092670e-04
3.524065241741617988e-04
2.700798656644002975e-04
1.343072139180007110e-05
0.000000000000000000e+00
0.000000000000000000e+00
0.000000000000000000e+00
0.000000000000000000e+00
0.000000000000000000e+00
0.000000000000000000e+00
0.000000000000000000e+00
0.000000000000000000e+00
