2.550713834714850732e-05
5.723899975581068632e-05
1.397122270852917667e-04
5.885394131121350061e-04
1.621055652452743894e-03
2.654861968976439130e-03
2.616343888348336005e-03
2.035585850600619365e-03
1.681359908761001888e-03
1.596556262326659587e-03
1.420772847662918640e-03
8.142965262377233710e-04
6.251661620292120122e-04
4.974932581240789709e-04
3.919432105744055802e-04
3.704793431006523827e-04
4.114034101231964355e-04
2.579581770203093530e-04
2.586087461095328954e-04
1.802759473317807606e-04
1.400479968519139718e-04
6.698634327559912729e-06
0.000000000000000000e+00
0.000000000000000000e+00
0.000000000000000000e+00
0.000000000000000000e+00
0.000000000000000000e+00
0.000000000000000000e+00
0.000000000000000000e+00
0.000000000000000000e+00
