1.722053373605877572e-05
3.950205130269284301e-05
9.475772715155885611e-05
4.420805729219879233e-04
1.400804439299591997e-03
2.626418799440671803e-03
2.903323633670067561e-03
2.514757814168883630e-03
2.278896579566080764e-03
2.372730776969935850e-03
2.229375349527608699e-03
1.394697403251867959e-03
1.138610200300210849e-03
9.412415892289937181e-04
7.347619980977138608e-04
6.516398684607664898e-04
6.851873020669880382e-04
4.606147976930124251e-04
4.239208560459355201e-04
2.987700315787241876e-04
2.290018551135665156e-04
1.141815390230056294e-05
0.000000000000000000e+00
0.000000000000000000e+00
0.000000000000000000e+00
0.000000000000000000e+00
0.000000000000000000e+00
0.000000000000000000e+00
0.000000000000000000e+00
0.000000000000000000e+00
