9.267815301793100615e-09
2.074929419597754032e-08
4.985063875857057780e-08
2.029794323960532164e-07
5.432002394927736597e-07
8.677424988805811385e-07
8.386921754539756755e-07
6.419873320138378217e-07
5.225655905938919535e-07
4.890204870219438581e-07
4.290640474494412619e-07
2.429578960500576792e-07
1.842813346321641687e-07
1.451077375378246058e-07
1.133936261234788577e-07
1.064543975432502377e-07
1.174323384992464312e-07
7.280251780481522545e-08
7.231864547694324544e-08
4.976666875465889397e-08
3.826190299927708479e-08
1.811047751087013938e-09
0.000000000000000000e+00
0.000000000000000000e+00
0.000000000000000000e+00
0.000000000000000000e+00
0.000000000000000000e+00
0.000000000000000000e+00
0.000000000000000000e+00
0.000000000000000000e+00
