1.028969267996605614e-04
2.294850448747992459e-04
5.601259280669920390e-04
2.423342700169882347e-03
6.825294296719475358e-03
1.139131917512409969e-02
1.140740594132260907e-02
8.992112864799419597e-03
7.500398155777233261e-03
7.178768528147144376e-03
6.422489934902774963e-03
3.710851626133479953e-03
2.866987313597427634e-03
2.291567624221101888e-03
1.803638446530171548e-03
1.697218408342105909e-03
1.876740023200298025e-03
1.185943679163477260e-03
1.183688404320777394e-03
8.287512981656937078e-04
6.447097961205588371e-04
3.108293576157368163e-05
0.000000000000000000e+00
0.000000000000000000e+00
0.000000000000000000e+00
0.000000000000000000e+00
0.000000000000000000e+00
0.000000000000000000e+00
0.000000000000000000e+00
0.000000000000000000e+00
