1.690094072236248643e-05
3.809410977490012597e-05
9.343856143179823676e-05
3.888535917549227174e-04
1.059650245013012354e-03
1.719276211492274699e-03
1.680533305410308268e-03
1.301229045440422142e-03
1.071246354555590490e-03
1.015664905015916265e-03
9.031639633396304099e-04
5.177148369641339145e-04
3.980880373682101439e-04
3.174175660484922180e-04
2.506807223937327017e-04
2.365740657377565759e-04
2.628568227847134678e-04
1.651088388889806796e-04
1.647769847738494574e-04
1.146859416678007736e-04
8.899062425121698921e-05
4.241743891206900983e-06
0.000000000000000000e+00
0.000000000000000000e+00
0.000000000000000000e+00
0.000000000000000000e+00
0.000000000000000000e+00
0.000000000000000000e+00
0.000000000000000000e+00
0.000000000000000000e+00
