1.341720429746302314e-04
2.977697568340387734e-04
7.237906644988393971e-04
3.173333526202303054e-03
9.065989846891416362e-03
1.532129145109729397e-02
1.548726429285098016e-02
1.230231075420899246e-02
1.032426247732932088e-02
9.944227841275276800e-03
8.919115885747478864e-03
5.175651565939050694e-03
4.003156032312326328e-03
3.198611940781522205e-03
2.513490630141616573e-03
2.350182663938866264e-03
2.593159143984262276e-03
1.631992473206773757e-03
1.628388746794992093e-03
1.138080824291707671e-03
8.841352704922432731e-04
4.238183385730139041e-05
0.000000000000000000e+00
0.000000000000000000e+00
0.000000000000000000e+00
0.000000000000000000e+00
0.000000000000000000e+00
0.000000000000000000e+00
0.000000000000000000e+00
0.000000000000000000e+00
