2.278787119810494981e-05
5.250534099486350316e-05
1.270101484576157400e-04
5.969054725586123633e-04
1.919010590329781009e-03
3.671748211083136499e-03
4.136679083334112925e-03
3.664052836458867556e-03
3.392563167035283957e-03
3.620114732060184404e-03
3.480695677494916734e-03
2.239208934947165604e-03
1.884439189069366189e-03
1.600612129496916400e-03
1.273148191388548877e-03
1.142153664677707323e-03
1.209850514175404889e-03
8.517536158274413571e-04
7.790476410320227620e-04
5.640200890619542469e-04
4.405380132092460641e-04
2.272459944440205623e-05
0.000000000000000000e+00
0.000000000000000000e+00
0.000000000000000000e+00
0.000000000000000000e+00
0.000000000000000000e+00
0.000000000000000000e+00
0.000000000000000000e+00
0.000000000000000000e+00
