2.322782655197167241e-07
5.127740379084707200e-07
1.220668728274841309e-06
4.961512364983451219e-06
1.320608751713731759e-05
2.089299488859075698e-05
1.993417162156082724e-05
1.500039140695017440e-05
1.199132534280479956e-05
1.098873234414973673e-05
9.426438389415571617e-06
5.227185826771757708e-06
3.866398808394957768e-06
2.973515795024846236e-06
2.281155836337895163e-06
2.119661604146759322e-06
2.312789470769364085e-06
1.392196089465164753e-06
1.377422389508705693e-06
9.282349290652338525e-07
7.018272855547697114e-07
3.263849676676105440e-08
0.000000000000000000e+00
0.000000000000000000e+00
0.000000000000000000e+00
0.000000000000000000e+00
0.000000000000000000e+00
0.000000000000000000e+00
0.000000000000000000e+00
0.000000000000000000e+00
