4.483994607973963053e-07
1.006371558862545262e-06
2.445355299732883473e-06
1.005539866462560639e-05
2.716076657639499343e-05
4.383525056785700017e-05
4.273270052718645387e-05
3.300238083718718497e-05
2.711919507629520775e-05
2.566236318061915989e-05
2.278143090174576367e-05
1.305145891766992539e-05
1.002829955342110809e-05
7.993391271177930900e-06
6.314027471943326450e-06
5.975628972692343208e-06
6.643718477563291757e-06
4.177618742576471187e-06
4.174040859299140974e-06
2.908342144452825670e-06
2.258511349398428247e-06
1.079994452388076113e-07
0.000000000000000000e+00
0.000000000000000000e+00
0.000000000000000000e+00
0.000000000000000000e+00
0.000000000000000000e+00
0.000000000000000000e+00
0.000000000000000000e+00
0.000000000000000000e+00
