1.332682261190386123e-05
2.976288586724530982e-05
7.227837171810853878e-05
3.144128641761725408e-04
8.907286526232395486e-04
1.492118840961129253e-03
1.498276449007801417e-03
1.183035844448330738e-03
9.873807693390062885e-04
9.448265754472538226e-04
8.433890956128175208e-04
4.860192398589205094e-04
3.736708854319515999e-04
2.972360194510945282e-04
2.330963689338918382e-04
2.183526076830272428e-04
2.410547170459566139e-04
1.508869489820381389e-04
1.508188733501851855e-04
1.050250778028160475e-04
8.142433219625539245e-05
3.890299636012279223e-06
0.000000000000000000e+00
0.000000000000000000e+00
0.000000000000000000e+00
0.000000000000000000e+00
0.000000000000000000e+00
0.000000000000000000e+00
0.000000000000000000e+00
0.000000000000000000e+00
