1.363266594865353301e-05
2.887176870900663752e-05
6.511614508472350963e-05
2.642724663081945521e-04
6.935406658931271822e-04
1.064482751357250997e-03
9.702636001939041969e-04
6.828554267676212493e-04
5.041436674316773911e-04
4.208856153138969139e-04
3.255845761881427354e-04
1.620823892976111535e-04
1.054655223450565253e-04
7.093060492887173828e-05
4.706060411718486589e-05
3.722871177400199178e-05
3.497690729225759145e-05
1.756979855652039265e-05
1.506230436107365102e-05
8.444800400750498921e-06
5.353624833326402935e-06
2.161892892867154056e-07
0.000000000000000000e+00
0.000000000000000000e+00
0.000000000000000000e+00
0.000000000000000000e+00
0.000000000000000000e+00
0.000000000000000000e+00
0.000000000000000000e+00
0.000000000000000000e+00
