5.983047554056826234e-05
1.361861515545266055e-04
3.243325186150656982e-04
1.512388897778227121e-03
4.730434022757992046e-03
8.719061521894512154e-03
9.520063288260377857e-03
8.150491652463419390e-03
7.323557551782293971e-03
7.566713019874221277e-03
7.094377568963148965e-03
4.415616457886152417e-03
3.600100879342034259e-03
2.984430997212083464e-03
2.352785252483571409e-03
2.121836750559388720e-03
2.267537153832736071e-03
1.524495685482268013e-03
1.437329253412286808e-03
1.026207515654452198e-03
7.980635676152418156e-04
4.005441693475572234e-05
0.000000000000000000e+00
0.000000000000000000e+00
0.000000000000000000e+00
0.000000000000000000e+00
0.000000000000000000e+00
0.000000000000000000e+00
0.000000000000000000e+00
0.000000000000000000e+00
