5.083355962442882132e-05
1.128588359766105771e-04
2.745040443576890845e-04
1.205044015067533326e-03
3.429480891454691691e-03
5.764804712108523299e-03
5.800284548051084718e-03
4.579363335486735104e-03
3.818656777543544441e-03
3.647250959904625289e-03
3.252484123049384848e-03
1.872253190431763612e-03
1.439431246197549891e-03
1.145140325150095437e-03
8.988010498016915954e-04
8.470761474194969578e-04
9.374444692693626856e-04
5.879362023176670175e-04
5.902646554136493093e-04
4.125260093352890256e-04
3.207946056287706090e-04
1.541205699917465457e-05
0.000000000000000000e+00
0.000000000000000000e+00
0.000000000000000000e+00
0.000000000000000000e+00
0.000000000000000000e+00
0.000000000000000000e+00
0.000000000000000000e+00
0.000000000000000000e+00
