4.845393935605931220e-05
1.111829977405107963e-04
2.644088131932028729e-04
1.242452333068705438e-03
3.939969612926529606e-03
7.367201573718534791e-03
8.139272242266062593e-03
7.054124198380198711e-03
6.399598965510019423e-03
6.678031694617817329e-03
6.304610480986374416e-03
3.956851324584786077e-03
3.249543311689286063e-03
2.708863766870545520e-03
2.139323888451412966e-03
1.920630204576052056e-03
2.046816171127960673e-03
1.389439072832301730e-03
1.298316528258379845e-03
9.280140370998684338e-04
7.214301493548116225e-04
3.628804127380548831e-05
0.000000000000000000e+00
0.000000000000000000e+00
0.000000000000000000e+00
0.000000000000000000e+00
0.000000000000000000e+00
0.000000000000000000e+00
0.000000000000000000e+00
0.000000000000000000e+00
