8.669872595858126962e-05
1.941958390571690471e-04
4.729616562916296981e-04
2.037773504344400546e-03
5.735049788768626679e-03
9.576452195890133162e-03
9.604454732643119899e-03
7.590018070716898942e-03
6.352795690921753460e-03
6.107290023556259835e-03
5.481347297189623734e-03
3.183082837731655151e-03
2.469566236092628816e-03
1.980368953706083436e-03
1.560048016117050480e-03
1.464451324072046185e-03
1.615834211354240770e-03
1.027165967958662465e-03
1.020230360076485347e-03
7.155528212329621092e-04
5.567649572593934542e-04
2.694749051706813378e-05
0.000000000000000000e+00
0.000000000000000000e+00
0.000000000000000000e+00
0.000000000000000000e+00
0.000000000000000000e+00
0.000000000000000000e+00
0.000000000000000000e+00
0.000000000000000000e+00
