8.916597985243180929e-07
1.999783350172247386e-06
4.875834822522544235e-06
2.026426175126693307e-05
5.510923603346250683e-05
8.920117850228148008e-05
8.698697768653112323e-05
6.707578995010137553e-05
5.497644163214437127e-05
5.180829083206932008e-05
4.576763103869550435e-05
2.611191144917869532e-05
1.996801841483604117e-05
1.584854775119322353e-05
1.248565313396420458e-05
1.183438880790059284e-05
1.315865850407480925e-05
8.229520057882312674e-06
8.247004938244882204e-06
5.734231335517343943e-06
4.448194911458181188e-06
2.123157872401702382e-07
0.000000000000000000e+00
0.000000000000000000e+00
0.000000000000000000e+00
0.000000000000000000e+00
0.000000000000000000e+00
0.000000000000000000e+00
0.000000000000000000e+00
0.000000000000000000e+00
