1.930330599097150807e-04
4.304448051074016325e-04
1.037660184803313422e-03
4.668234087637937110e-03
1.375722116733981565e-02
2.396249019377483941e-02
2.492151930078232575e-02
2.034762920116970145e-02
1.750697025634000495e-02
1.729704219345582633e-02
1.577675342602075786e-02
9.412888940916906352e-03
7.442711827925344893e-03
6.044235780275904017e-03
4.758821366409393162e-03
4.392432620975569510e-03
4.787745355709512561e-03
3.103631763969110988e-03
3.029877390644452814e-03
2.141315532550168866e-03
1.667401387951922319e-03
8.176542285746134079e-05
0.000000000000000000e+00
0.000000000000000000e+00
0.000000000000000000e+00
0.000000000000000000e+00
0.000000000000000000e+00
0.000000000000000000e+00
0.000000000000000000e+00
0.000000000000000000e+00
