4.519876908231784007e-05
1.001571880696110694e-04
2.439442469331450818e-04
1.065095936222099906e-03
3.028492960103214195e-03
5.081334513447066832e-03
5.097320342204563100e-03
4.018205339951556876e-03
3.348700717079082338e-03
3.200229822785645786e-03
2.852578713504694274e-03
1.639151129367757758e-03
1.254958350469858892e-03
9.946903956271407540e-04
7.796914914327114730e-04
7.314368011478929480e-04
8.100882845550912278e-04
5.021795781240752550e-04
5.061378481864713987e-04
3.516060282182274181e-04
2.725864776386181733e-04
1.291962619069923615e-05
0.000000000000000000e+00
0.000000000000000000e+00
0.000000000000000000e+00
0.000000000000000000e+00
0.000000000000000000e+00
0.000000000000000000e+00
0.000000000000000000e+00
0.000000000000000000e+00
