2.529109006938574586e-05
5.618813838851151798e-05
1.354023780749228929e-04
6.033262351482215902e-04
1.752505947003766542e-03
3.001840016634079074e-03
3.069942507224604315e-03
2.461244537514638286e-03
2.079987770387564227e-03
2.015042887018632031e-03
1.808978952910437338e-03
1.055573991412546864e-03
8.173690293052738925e-04
6.523685742008479603e-04
5.092192073220245564e-04
4.706370186369434293e-04
5.138383061027380688e-04
3.241918221809800228e-04
3.194543756347690525e-04
2.224506676553677186e-04
1.718035834626627819e-04
8.255783438385772756e-06
0.000000000000000000e+00
0.000000000000000000e+00
0.000000000000000000e+00
0.000000000000000000e+00
0.000000000000000000e+00
0.000000000000000000e+00
0.000000000000000000e+00
0.000000000000000000e+00
