3.454232594729532717e-06
7.904284876017978752e-06
1.881083264001087865e-05
8.856592166029306451e-05
2.817922053029789375e-04
5.284882762914713903e-04
5.841534762525949940e-04
5.075551016383205100e-04
4.605155850783021498e-04
4.814880373244751302e-04
4.550643732800745806e-04
2.850792583177736241e-04
2.337314075788779445e-04
1.947492507669318796e-04
1.540425096593593798e-04
1.375609329162353429e-04
1.469937021103175513e-04
9.909181690338886403e-05
9.269849507111887837e-05
6.592624894608303235e-05
5.118296944495539548e-05
2.536785521081086356e-06
0.000000000000000000e+00
0.000000000000000000e+00
0.000000000000000000e+00
0.000000000000000000e+00
0.000000000000000000e+00
0.000000000000000000e+00
0.000000000000000000e+00
0.000000000000000000e+00
