2.319377747118263416e-07
5.228796546692545983e-07
1.269974582571503539e-06
5.230910191794264897e-06
1.414948477393456823e-05
2.283122991482132457e-05
2.225782495836120265e-05
1.717919265931879900e-05
1.411320720748290727e-05
1.333985977698277734e-05
1.182115735584423180e-05
6.763394727668350020e-06
5.184411579219684391e-06
4.123065299358868352e-06
3.252542050502187258e-06
3.084650212335008418e-06
3.430617994659332219e-06
2.150494901708704869e-06
2.156876577265730857e-06
1.503321882797187429e-06
1.167905267634028319e-06
5.592469633163512578e-08
0.000000000000000000e+00
0.000000000000000000e+00
0.000000000000000000e+00
0.000000000000000000e+00
0.000000000000000000e+00
0.000000000000000000e+00
0.000000000000000000e+00
0.000000000000000000e+00
