7.842433854237545161e-06
1.750248377713773396e-05
4.283649263318020162e-05
1.813429452849309783e-04
4.999185477104359449e-04
8.182423635495131428e-04
8.044986283570516742e-04
6.234946347868704653e-04
5.124857471134143441e-04
4.837232882552796481e-04
4.277754203821064883e-04
2.440190150556886524e-04
1.862548149962744970e-04
1.475495877776939141e-04
1.160001498827148149e-04
1.098017241111859442e-04
1.220522030716403983e-04
7.605001539366577185e-05
7.645265146064938837e-05
5.310223822963431678e-05
4.117804791277444014e-05
1.960193539154172971e-06
0.000000000000000000e+00
0.000000000000000000e+00
0.000000000000000000e+00
0.000000000000000000e+00
0.000000000000000000e+00
0.000000000000000000e+00
0.000000000000000000e+00
0.000000000000000000e+00
