1.343425100279000179e-07
3.013574894387406635e-07
7.339106513070128797e-07
2.986667302651015444e-06
7.953047084624556394e-06
1.263280315132418628e-05
1.212591248444810689e-05
9.218764412287270180e-06
7.461006761261549031e-06
6.942167557651322753e-06
6.048580459434126772e-06
3.425859074806561795e-06
2.594328664323951233e-06
2.046626024826309843e-06
1.616378373357232016e-06
1.548687570722037042e-06
1.737188531202049411e-06
1.075073068543272972e-06
1.088737660244816320e-06
7.538129941138495989e-07
5.848593346611840489e-07
2.764973357538889247e-08
0.000000000000000000e+00
0.000000000000000000e+00
0.000000000000000000e+00
0.000000000000000000e+00
0.000000000000000000e+00
0.000000000000000000e+00
0.000000000000000000e+00
0.000000000000000000e+00
