1.771073185559247047e-06
3.899274476179974423e-06
9.342921496054171985e-06
3.862896145870564320e-05
1.039376183512011797e-04
1.660348306763633505e-04
1.594053898409217469e-04
1.203738224700582130e-04
9.634374007669302604e-05
8.845183700155034162e-05
7.616942513510423988e-05
4.220333260281036736e-05
3.125331805398216562e-05
2.401308924138051255e-05
1.828955546835546925e-05
1.669252222542673975e-05
1.796785189906662894e-05
1.081542130147003797e-05
1.049756994435532472e-05
7.014302040770566735e-06
5.248279978355434727e-06
2.428987473474539660e-07
0.000000000000000000e+00
0.000000000000000000e+00
0.000000000000000000e+00
0.000000000000000000e+00
0.000000000000000000e+00
0.000000000000000000e+00
0.000000000000000000e+00
0.000000000000000000e+00
