1.021452473866725565e-06
2.292281977020691117e-06
5.538354888968766863e-06
2.291298011530269296e-05
6.218526971639197693e-05
1.005762850513070424e-04
9.826704948147028517e-05
7.586444717513875973e-05
6.224353412825009977e-05
5.863982947300385167e-05
5.171398472100048518e-05
2.947579258567794783e-05
2.245332613725310199e-05
1.776293579312459382e-05
1.398203005003209967e-05
1.329461207704612796e-05
1.482153515245093401e-05
9.200446621745331038e-06
9.304570307751335799e-06
6.468414311765836062e-06
5.023707865984852740e-06
2.391357313936770729e-07
0.000000000000000000e+00
0.000000000000000000e+00
0.000000000000000000e+00
0.000000000000000000e+00
0.000000000000000000e+00
0.000000000000000000e+00
0.000000000000000000e+00
0.000000000000000000e+00
