8.694404001531290551e-07
1.933155681599384267e-06
4.711795658725063231e-06
1.954074643791180529e-05
5.284419370940760202e-05
8.505425898580941748e-05
8.238249373555383680e-05
6.298794609058036131e-05
5.121092494057087038e-05
4.786733252216152659e-05
4.203830482438665873e-05
2.384486855671158988e-05
1.815492222458929666e-05
1.434705600139107023e-05
1.123027368349654110e-05
1.058718365901712971e-05
1.167333489050824162e-05
7.314561565611179633e-06
7.240903775032313701e-06
5.011646624607355813e-06
3.862876667906952122e-06
1.852770959396677518e-07
0.000000000000000000e+00
0.000000000000000000e+00
0.000000000000000000e+00
0.000000000000000000e+00
0.000000000000000000e+00
0.000000000000000000e+00
0.000000000000000000e+00
0.000000000000000000e+00
