6.551590599240672580e-08
1.442213914126224326e-07
3.404325303522766130e-07
1.373913053530899614e-06
3.621906657448959551e-06
5.684963116085230387e-06
5.387042394692415227e-06
4.019264048602356283e-06
3.180430913482095030e-06
2.881626085497796752e-06
2.449424989989068638e-06
1.346465268168617737e-06
9.904167217866653998e-07
7.582830955775647561e-07
5.780076597382565035e-07
5.327718057380728608e-07
5.757192360320926532e-07
3.476344870772429670e-07
3.375071614458175617e-07
2.256940383562514049e-07
1.690664770510787567e-07
7.869241579702652163e-09
0.000000000000000000e+00
0.000000000000000000e+00
0.000000000000000000e+00
0.000000000000000000e+00
0.000000000000000000e+00
0.000000000000000000e+00
0.000000000000000000e+00
0.000000000000000000e+00
