9.226092327285186327e-07
1.936095249103880547e-06
4.393040351844868419e-06
1.708677392408298074e-05
4.342642550543461208e-05
6.561706556601741038e-05
5.953457654123538319e-05
4.238429951695002582e-05
3.209219748735615688e-05
2.787529157177146382e-05
2.266185945552362117e-05
1.190890291926384369e-05
8.277715729144442995e-06
5.954587264546894539e-06
4.225106252842304620e-06
3.575801612288527852e-06
3.587767616676432074e-06
1.984347966274860852e-06
1.808139486707553281e-06
1.112312978084429692e-06
7.691297025900455168e-07
3.358890295916913021e-08
0.000000000000000000e+00
0.000000000000000000e+00
0.000000000000000000e+00
0.000000000000000000e+00
0.000000000000000000e+00
0.000000000000000000e+00
0.000000000000000000e+00
0.000000000000000000e+00
