2.523517945343069352e-06
4.965205197850081019e-06
1.035423406860087779e-05
3.751241694607508061e-05
8.975844299176992500e-05
1.280632062733733654e-04
1.097290691664410946e-04
7.307400016071159839e-05
5.148564094206470077e-05
4.143619673947102902e-05
3.099213228894280478e-05
1.526336078268245919e-05
9.740871222397196822e-06
6.368652670402685551e-06
4.005347071290616765e-06
2.888296672543499690e-06
2.487782683305448655e-06
1.170959632046019922e-06
8.945145548599456832e-07
4.475931810009308872e-07
2.481641820063863072e-07
9.048916826589307643e-09
0.000000000000000000e+00
0.000000000000000000e+00
0.000000000000000000e+00
0.000000000000000000e+00
0.000000000000000000e+00
0.000000000000000000e+00
0.000000000000000000e+00
0.000000000000000000e+00
