2.246754835027361203e-08
5.045006426934563686e-08
1.227279073018177632e-07
5.060410343079720632e-07
1.366024019963233711e-06
2.197901529385195110e-06
2.134872025656027592e-06
1.640449560860630149e-06
1.340091713945486549e-06
1.258306454864052589e-06
1.106735121560804374e-06
6.301385034274995658e-07
4.801106731213719154e-07
3.802368628236989046e-07
2.999605686265303027e-07
2.856316397982019350e-07
3.189698736297636686e-07
1.985049527051383595e-07
2.001710366143271599e-07
1.390158503350088800e-07
1.079291414166408112e-07
5.127675115363959545e-09
0.000000000000000000e+00
0.000000000000000000e+00
0.000000000000000000e+00
0.000000000000000000e+00
0.000000000000000000e+00
0.000000000000000000e+00
0.000000000000000000e+00
0.000000000000000000e+00
