1.005967845248220324e-08
2.218682184862331574e-08
5.286439567582949613e-08
2.105109243735254498e-07
5.494849963488509283e-07
8.563061877787512474e-07
8.072611333284873419e-07
6.023885998390818321e-07
4.790341190293094392e-07
4.380995401655710235e-07
3.763564307180856112e-07
2.093733746688782660e-07
1.560684191445860388e-07
1.209820524076498204e-07
9.328037045685995634e-08
8.669955245215618447e-08
9.444444584850628969e-08
5.777507329635070221e-08
5.649637697723635634e-08
3.825671670488265896e-08
2.896787685008661541e-08
1.361691200818798636e-09
0.000000000000000000e+00
0.000000000000000000e+00
0.000000000000000000e+00
0.000000000000000000e+00
0.000000000000000000e+00
0.000000000000000000e+00
0.000000000000000000e+00
0.000000000000000000e+00
