5.361275088129171569e-08
1.200801565041952343e-07
2.899625458758783939e-07
1.197407940986271788e-06
3.241885445688088347e-06
5.234956880661272829e-06
5.105300935202531254e-06
3.937018153602028511e-06
3.225747237461095539e-06
3.037026649968607055e-06
2.684283722971522969e-06
1.528468892912353672e-06
1.167360525495168358e-06
9.250112043264957541e-07
7.250600743396044790e-07
6.819205976469653030e-07
7.525484988720061816e-07
4.717303242352865492e-07
4.679045748231239301e-07
3.240907722861315216e-07
2.501444212217158353e-07
1.195780015294037091e-08
0.000000000000000000e+00
0.000000000000000000e+00
0.000000000000000000e+00
0.000000000000000000e+00
0.000000000000000000e+00
0.000000000000000000e+00
0.000000000000000000e+00
0.000000000000000000e+00
