5.435374141605069120e-05
1.228709869943475739e-04
2.911379462531531051e-04
1.342920346617518810e-03
4.090920169804879852e-03
7.311754207810441768e-03
7.772563095087262411e-03
6.466439161211012462e-03
5.653071856203191643e-03
5.665645493256378853e-03
5.192442769210962525e-03
3.128455013148431600e-03
2.476339948142896371e-03
2.006797061362568507e-03
1.569865545687547598e-03
1.427823087482449176e-03
1.541327183964475919e-03
9.937669006366146428e-04
9.637258685593187799e-04
6.780167065943384138e-04
5.249642764420381488e-04
2.561908663742491554e-05
0.000000000000000000e+00
0.000000000000000000e+00
0.000000000000000000e+00
0.000000000000000000e+00
0.000000000000000000e+00
0.000000000000000000e+00
0.000000000000000000e+00
0.000000000000000000e+00
