2.689909595007707620e-07
5.893986747214745845e-07
1.406503074543902655e-06
5.618986264460145618e-06
1.465456688971585794e-05
2.272816001226802296e-05
2.125453192502617166e-05
1.571587878082213299e-05
1.237607304496215830e-05
1.119557832056684052e-05
9.513515289750559635e-06
5.232433361814661332e-06
3.851641498216838819e-06
2.952121252803872472e-06
2.252622977345999893e-06
2.067979358655571545e-06
2.233122962801358733e-06
1.345630208361845672e-06
1.303258909568418609e-06
8.686119052752237907e-07
6.492545135727489944e-07
2.998257890109038053e-08
0.000000000000000000e+00
0.000000000000000000e+00
0.000000000000000000e+00
0.000000000000000000e+00
0.000000000000000000e+00
0.000000000000000000e+00
0.000000000000000000e+00
0.000000000000000000e+00
