1.889826752841338185e-08
4.209426264484400270e-08
1.012358994300257481e-07
4.088152791493660062e-07
1.082676546856773477e-06
1.714366930626984321e-06
1.641675151569732419e-06
1.244549029467315682e-06
1.004613711935933035e-06
9.324431912573365884e-07
8.126780260958724644e-07
4.588760425335176572e-07
3.475078513997991866e-07
2.736911175578388390e-07
2.144076552916834344e-07
2.026069701609814234e-07
2.240775422109494885e-07
1.394901375460769606e-07
1.384348253724119408e-07
9.543030356048334450e-08
7.344574087673676932e-08
3.495066575875347497e-09
0.000000000000000000e+00
0.000000000000000000e+00
0.000000000000000000e+00
0.000000000000000000e+00
0.000000000000000000e+00
0.000000000000000000e+00
0.000000000000000000e+00
0.000000000000000000e+00
