3.804950340188845311e-07
7.726923286736369849e-07
1.689636155353340280e-06
6.204015212603340654e-06
1.501211122518203011e-05
2.174586234860315589e-05
1.907265716774631702e-05
1.316914299068188368e-05
9.678074427925619199e-06
8.108053332785158081e-06
6.309608572456890292e-06
3.169768759383733016e-06
2.084713389940187827e-06
1.416997241220495163e-06
9.474653609575654031e-07
7.506816785059466444e-07
7.074658760001950198e-07
3.608058625041778701e-07
3.093681404087415716e-07
1.753098125951290338e-07
1.120119965462068364e-07
4.558654143159923832e-09
0.000000000000000000e+00
0.000000000000000000e+00
0.000000000000000000e+00
0.000000000000000000e+00
0.000000000000000000e+00
0.000000000000000000e+00
0.000000000000000000e+00
0.000000000000000000e+00
