7.302901463555764475e-06
1.518328072697047162e-05
3.393326861041649740e-05
1.324127683956505394e-04
3.351867000808588567e-04
5.003565241639729459e-04
4.462173747515577483e-04
3.098969720054412934e-04
2.277891439205693882e-04
1.910479505373302318e-04
1.492327319668315579e-04
7.561227869967605613e-05
5.017452762213870596e-05
3.436644240687327745e-05
2.308610276294892973e-05
1.836277176224650822e-05
1.736076966717582122e-05
8.979739788152625693e-06
7.687850760347044447e-06
4.386447425969870119e-06
2.817785063429880304e-06
1.161554497217017149e-07
0.000000000000000000e+00
0.000000000000000000e+00
0.000000000000000000e+00
0.000000000000000000e+00
0.000000000000000000e+00
0.000000000000000000e+00
0.000000000000000000e+00
0.000000000000000000e+00
