9.839421697067517433e-06
2.105537509076335805e-05
4.889149199513741678e-05
2.007976598945673840e-04
5.333279538306908612e-04
8.320783538730330744e-04
7.729371378569071128e-04
5.595081662111682117e-04
4.277953492506598250e-04
3.729553174916325491e-04
3.028759436085331374e-04
1.583582176248592860e-04
1.091127221937745041e-04
7.778048048527475412e-05
5.485842970881124028e-05
4.637509559059825126e-05
4.652791909410525624e-05
2.525673915190178111e-05
2.313938093546296946e-05
1.406685643125185337e-05
9.655295658272874880e-06
4.141602746359574575e-07
0.000000000000000000e+00
0.000000000000000000e+00
0.000000000000000000e+00
0.000000000000000000e+00
0.000000000000000000e+00
0.000000000000000000e+00
0.000000000000000000e+00
0.000000000000000000e+00
