1.152010426251518183e-04
2.588640770743955112e-04
6.190428564278990711e-04
2.821581117474888413e-03
8.471454568458106765e-03
1.498900817008545078e-02
1.579993737312975974e-02
1.306732067709155502e-02
1.136686622350943990e-02
1.135520218889380338e-02
1.041303283346405387e-02
6.263973821130528093e-03
4.971875308030606830e-03
4.045133689311110163e-03
3.180302738234586611e-03
2.910016605827266470e-03
3.157603038589542298e-03
2.048754238362956830e-03
1.989671328434811613e-03
1.404292347208389554e-03
1.091371259583404953e-03
5.336939904995055773e-05
0.000000000000000000e+00
0.000000000000000000e+00
0.000000000000000000e+00
0.000000000000000000e+00
0.000000000000000000e+00
0.000000000000000000e+00
0.000000000000000000e+00
0.000000000000000000e+00
