9.197203432681958472e-06
2.048492891613250012e-05
5.021661501934374290e-05
2.119703662897047492e-04
5.819714883946358521e-04
9.500522885405576073e-04
9.325338911813136787e-04
7.218129298812590768e-04
5.929735899054664914e-04
5.592566393389772133e-04
4.957739053334688081e-04
2.837176053061366021e-04
2.181943455867217066e-04
1.741744202680156498e-04
1.374998520977758218e-04
1.310325262974139631e-04
1.456525413638899626e-04
9.250370512018421098e-05
9.236376249328893658e-05
6.470077837624158153e-05
5.039126542984777123e-05
2.443542028131572566e-06
0.000000000000000000e+00
0.000000000000000000e+00
0.000000000000000000e+00
0.000000000000000000e+00
0.000000000000000000e+00
0.000000000000000000e+00
0.000000000000000000e+00
0.000000000000000000e+00
