7.001672073339492530e-09
1.436640111456712692e-08
3.132130031046637696e-08
1.177833628438116474e-07
2.896073197500418775e-07
4.220926063352765714e-07
3.687901140155460180e-07
2.499168256777084944e-07
1.788014183439427525e-07
1.451447050798948564e-07
1.102781702403299133e-07
5.398532540241123595e-08
3.476364108154830298e-08
2.326400013446560926e-08
1.541380608949063490e-08
1.225795834248656177e-08
1.151760066298817348e-08
5.911361599719093847e-09
5.011075751049237577e-09
2.840237808580595365e-09
1.819228036265401015e-09
7.520332500408719912e-11
0.000000000000000000e+00
0.000000000000000000e+00
0.000000000000000000e+00
0.000000000000000000e+00
0.000000000000000000e+00
0.000000000000000000e+00
0.000000000000000000e+00
0.000000000000000000e+00
