1.118928729251170570e-07
2.519693567457532630e-07
6.073907231335448194e-07
2.515286841244559477e-06
6.821540767426915623e-06
1.101820298122802247e-05
1.075965525436752439e-05
8.301094676042630938e-06
6.799201359925621097e-06
6.388897922940894171e-06
5.623157629273166581e-06
3.195145643592873291e-06
2.429883789120578718e-06
1.919081427534177984e-06
1.505534111924108279e-06
1.427009177626752074e-06
1.584303730779986474e-06
9.856477668742970163e-07
9.899658807407992928e-07
6.863550272242733862e-07
5.314491543178854425e-07
2.533236982613809362e-08
0.000000000000000000e+00
0.000000000000000000e+00
0.000000000000000000e+00
0.000000000000000000e+00
0.000000000000000000e+00
0.000000000000000000e+00
0.000000000000000000e+00
0.000000000000000000e+00
