2.493839217835091716e-08
5.604534795166618411e-08
1.362767383387273630e-07
5.613990844402558533e-07
1.513906893445380446e-06
2.433513954403465173e-06
2.361700207433868687e-06
1.813277926228627152e-06
1.479956448824599708e-06
1.388145424651982141e-06
1.219507054026804463e-06
6.936200548818948354e-07
5.278320524229803692e-07
4.175822884705876818e-07
3.291683678847880986e-07
3.133156511582390978e-07
3.497712438492371889e-07
2.173383844023040426e-07
2.191629207713673513e-07
1.520411970622783667e-07
1.179558646776598261e-07
5.597364268942595574e-09
0.000000000000000000e+00
0.000000000000000000e+00
0.000000000000000000e+00
0.000000000000000000e+00
0.000000000000000000e+00
0.000000000000000000e+00
0.000000000000000000e+00
0.000000000000000000e+00
