2.599193171800882407e-04
5.799288143972174776e-04
1.403006618247285009e-03
6.238253683627487112e-03
1.817772525613053566e-02
3.131574884198934372e-02
3.225781194900548959e-02
2.611665953513884683e-02
2.232355156300961860e-02
2.191803960330817452e-02
1.991215057396489990e-02
1.180484108510157330e-02
9.284477551878517892e-03
7.511781433398492802e-03
5.912077651436232172e-03
5.476701229475904042e-03
5.987104679323889712e-03
3.856060773192358359e-03
3.785306193719164842e-03
2.668985501674675780e-03
2.077522618702139483e-03
1.014621171274818250e-04
0.000000000000000000e+00
0.000000000000000000e+00
0.000000000000000000e+00
0.000000000000000000e+00
0.000000000000000000e+00
0.000000000000000000e+00
0.000000000000000000e+00
0.000000000000000000e+00
