2.869036921782988501e-05
6.397826631258450960e-05
1.565400467230403830e-04
6.735097049508515779e-04
1.891523242570616143e-03
3.151477022430888494e-03
3.148197954757038768e-03
2.479480673169241322e-03
2.068481966899137197e-03
1.984163889954203806e-03
1.778650478776359596e-03
1.030021129558955899e-03
7.979448629952348195e-04
6.392306621668168926e-04
5.036714716721157762e-04
4.724876050270861074e-04
5.217777789883596730e-04
3.310009679229114401e-04
3.284225708508231893e-04
2.296822085826009127e-04
1.784554499988880584e-04
8.590921031620488840e-06
0.000000000000000000e+00
0.000000000000000000e+00
0.000000000000000000e+00
0.000000000000000000e+00
0.000000000000000000e+00
0.000000000000000000e+00
0.000000000000000000e+00
0.000000000000000000e+00
