3.015558269965023901e-06
5.634745220055437194e-06
1.107189129248135612e-05
3.842250885735395093e-05
8.731022004137710315e-05
1.175443810498467441e-04
9.455130816117231695e-05
5.844354358550591543e-05
3.797575387100067415e-05
2.787324999675304098e-05
1.869161429785517250e-05
8.242931533302684077e-06
4.510490000214340408e-06
2.450676259631304303e-06
1.233040312481844859e-06
6.724451372596230673e-07
4.153666155463271944e-07
1.264435028941729089e-07
5.620278574031429151e-08
1.242837326305413054e-08
1.140893255005978138e-09
0.000000000000000000e+00
0.000000000000000000e+00
0.000000000000000000e+00
0.000000000000000000e+00
0.000000000000000000e+00
0.000000000000000000e+00
0.000000000000000000e+00
0.000000000000000000e+00
0.000000000000000000e+00
