2.490619340243988122e-05
5.538958414262142081e-05
1.355878538190196107e-04
5.879593418581808553e-04
1.660318870749807364e-03
2.779787660946856417e-03
2.788845694290245820e-03
2.203408738963703612e-03
1.842965510880735513e-03
1.770675278904335591e-03
1.589986750566644690e-03
9.246009422157378628e-04
7.195643771856644402e-04
5.787213531827355845e-04
4.561504030916795570e-04
4.283804293738125617e-04
4.718878570475198574e-04
3.025857206933299558e-04
2.986904941355505126e-04
2.098635056691618638e-04
1.633214533682005292e-04
7.955267163510001380e-06
0.000000000000000000e+00
0.000000000000000000e+00
0.000000000000000000e+00
0.000000000000000000e+00
0.000000000000000000e+00
0.000000000000000000e+00
0.000000000000000000e+00
0.000000000000000000e+00
