3.993368058098326152e-07
8.977718063208673150e-07
2.171665195616027532e-06
9.030635709605443299e-06
2.462236066979252329e-05
3.998051535491818447e-05
3.916497418161889784e-05
3.031724216753175648e-05
2.492278541511930097e-05
2.353575451074489897e-05
2.082727765833628362e-05
1.187665495283258701e-05
9.069762739143658915e-06
7.183251938198164463e-06
5.638240460045907799e-06
5.316388105359167364e-06
5.887830430657424026e-06
3.671059934991034501e-06
3.671747981746868570e-06
2.547348698673271753e-06
1.971276095978847662e-06
9.395069420470604604e-08
0.000000000000000000e+00
0.000000000000000000e+00
0.000000000000000000e+00
0.000000000000000000e+00
0.000000000000000000e+00
0.000000000000000000e+00
0.000000000000000000e+00
0.000000000000000000e+00
