3.144521826687872389e-06
7.148067963513806108e-06
1.742278416754210546e-05
7.176852713357854887e-05
1.936132388580397428e-04
3.110780236478870395e-04
3.025214923364087692e-04
2.331970798766328792e-04
1.913061202435365914e-04
1.803919088681519775e-04
1.596348177187053533e-04
9.128024892520803565e-05
7.006113641430670904e-05
5.583344323164218353e-05
4.411020997047750413e-05
4.201565143785161607e-05
4.676501095376177966e-05
2.952597203981518174e-05
2.954823974079085096e-05
2.064250407113412363e-05
1.606157018203994367e-05
7.741194545943567498e-07
0.000000000000000000e+00
0.000000000000000000e+00
0.000000000000000000e+00
0.000000000000000000e+00
0.000000000000000000e+00
0.000000000000000000e+00
0.000000000000000000e+00
0.000000000000000000e+00
