2.212699381922993602e-04
2.670846712361089653e-04
5.151293386127656689e-04
2.149806426813183086e-03
5.942036070136726654e-03
9.558219134849730084e-03
9.061976225900636103e-03
6.629315478220108686e-03
5.138763610231493126e-03
4.592281689189997747e-03
3.826432492596769635e-03
2.122525940471034923e-03
1.564776674167656307e-03
1.201386351668520727e-03
9.098787068420938944e-04
8.248633390873507613e-04
8.890545904384767727e-04
5.520362268299426308e-04
5.423410623985817480e-04
3.744256574089520990e-04
2.880362541959679635e-04
1.376855900107768183e-05
0.000000000000000000e+00
0.000000000000000000e+00
0.000000000000000000e+00
0.000000000000000000e+00
0.000000000000000000e+00
0.000000000000000000e+00
0.000000000000000000e+00
0.000000000000000000e+00
