1.311105361600430997e-08
2.941326795626120331e-08
7.127902478696790231e-08
2.904818647052994301e-07
7.763922405522721572e-07
1.239015335978995762e-06
1.195308013226126423e-06
9.134312838290732972e-07
7.427954312827878293e-07
6.949331397426815002e-07
6.093014721416233555e-07
3.458053676700844556e-07
2.627305612759698401e-07
2.074949853967730673e-07
1.631659446270906802e-07
1.546533573030162164e-07
1.720165125247315914e-07
1.068572626026398141e-07
1.070679247793282060e-07
7.399729125732215828e-08
5.719557805364353217e-08
2.709327649153945469e-09
0.000000000000000000e+00
0.000000000000000000e+00
0.000000000000000000e+00
0.000000000000000000e+00
0.000000000000000000e+00
0.000000000000000000e+00
0.000000000000000000e+00
0.000000000000000000e+00
