6.253321401593943249e-07
1.359845375693019959e-06
3.242349294543954129e-06
1.313530809051265797e-05
3.457165326645355078e-05
5.393112209791136024e-05
5.050454307445564108e-05
3.716664746270872819e-05
2.903369302759918323e-05
2.596632697780335212e-05
2.168698586114122274e-05
1.176658475935041373e-05
8.468350967519594366e-06
6.354677259457175128e-06
4.805295317385964355e-06
4.438872581219327676e-06
4.822786837992250198e-06
2.792239144637162574e-06
2.773708726017396267e-06
1.823299649507426177e-06
1.355964210828484407e-06
6.110709377173934060e-08
0.000000000000000000e+00
0.000000000000000000e+00
0.000000000000000000e+00
0.000000000000000000e+00
0.000000000000000000e+00
0.000000000000000000e+00
0.000000000000000000e+00
0.000000000000000000e+00
