1.220281787807390376e-05
2.568614329658967295e-05
5.767002848523057422e-05
2.300510986887916462e-04
5.978735027127721939e-04
9.134639341217409966e-04
8.317515969880243760e-04
5.877176403834693131e-04
4.368782802051219909e-04
3.676889112794469970e-04
2.858438386602302726e-04
1.428621363528685326e-04
9.277518016165640501e-05
6.202933439337057666e-05
4.088224693038587377e-05
3.226578149044071619e-05
3.025771570622513544e-05
1.485490538557640869e-05
1.280788085612203947e-05
7.055401464574161757e-06
4.405971439909975209e-06
1.747392657700256307e-07
0.000000000000000000e+00
0.000000000000000000e+00
0.000000000000000000e+00
0.000000000000000000e+00
0.000000000000000000e+00
0.000000000000000000e+00
0.000000000000000000e+00
0.000000000000000000e+00
