9.186e-01 8.952e-01 8.573e-01 7.838e-01 7.314e-01 7.111e-01 7.240e-01 7.327e-01 7.554e-01 7.893e-01 8.130e-01 8.363e-01 8.627e-01 8.738e-01 9.042e-01 9.135e-01 9.264e-01
9.389e-01 9.178e-01 8.871e-01 8.235e-01 7.714e-01 7.522e-01 7.615e-01 7.678e-01 7.891e-01 8.154e-01 8.337e-01 8.502e-01 8.790e-01 8.954e-01 9.093e-01 9.094e-01 9.337e-01
9.529e-01 9.365e-01 9.112e-01 8.577e-01 8.093e-01 7.870e-01 7.931e-01 7.998e-01 8.153e-01 8.420e-01 8.566e-01 8.745e-01 8.909e-01 9.025e-01 9.227e-01 9.386e-01 9.473e-01
9.637e-01 9.514e-01 9.312e-01 8.854e-01 8.439e-01 8.209e-01 8.240e-01 8.280e-01 8.402e-01 8.654e-01 8.792e-01 8.958e-01 9.056e-01 9.193e-01 9.345e-01 9.411e-01 9.578e-01
9.728e-01 9.626e-01 9.451e-01 9.096e-01 8.718e-01 8.493e-01 8.509e-01 8.522e-01 8.623e-01 8.820e-01 8.950e-01 9.056e-01 9.229e-01 9.343e-01 9.429e-01 9.539e-01 9.606e-01
9.787e-01 9.718e-01 9.587e-01 9.286e-01 8.966e-01 8.742e-01 8.726e-01 8.730e-01 8.839e-01 9.009e-01 9.125e-01 9.192e-01 9.358e-01 9.413e-01 9.502e-01 9.644e-01 9.708e-01
9.848e-01 9.781e-01 9.687e-01 9.449e-01 9.162e-01 8.963e-01 8.938e-01 8.943e-01 9.014e-01 9.149e-01 9.248e-01 9.328e-01 9.452e-01 9.567e-01 9.625e-01 9.666e-01 9.727e-01
9.881e-01 9.833e-01 9.739e-01 9.569e-01 9.362e-01 9.150e-01 9.121e-01 9.087e-01 9.166e-01 9.283e-01 9.345e-01 9.504e-01 9.541e-01 9.644e-01 9.674e-01 9.706e-01 9.803e-01
9.905e-01 9.869e-01 9.834e-01 9.667e-01 9.477e-01 9.311e-01 9.268e-01 9.251e-01 9.293e-01 9.399e-01 9.452e-01 9.532e-01 9.635e-01 9.677e-01 9.711e-01 9.768e-01 9.825e-01
9.927e-01 9.905e-01 9.866e-01 9.748e-01 9.588e-01 9.452e-01 9.388e-01 9.371e-01 9.396e-01 9.497e-01 9.531e-01 9.590e-01 9.690e-01 9.722e-01 9.789e-01 9.839e-01 9.869e-01
9.947e-01 9.926e-01 9.895e-01 9.800e-01 9.667e-01 9.555e-01 9.500e-01 9.481e-01 9.493e-01 9.575e-01 9.624e-01 9.644e-01 9.732e-01 9.771e-01 9.801e-01 9.842e-01 9.864e-01
9.970e-01 9.945e-01 9.921e-01 9.862e-01 9.752e-01 9.652e-01 9.602e-01 9.569e-01 9.585e-01 9.644e-01 9.676e-01 9.723e-01 9.775e-01 9.806e-01 9.845e-01 9.874e-01 9.894e-01
9.971e-01 9.957e-01 9.937e-01 9.859e-01 9.809e-01 9.725e-01 9.678e-01 9.647e-01 9.650e-01 9.696e-01 9.742e-01 9.757e-01 9.797e-01 9.841e-01 9.868e-01 9.899e-01 9.910e-01
9.983e-01 9.973e-01 9.962e-01 9.911e-01 9.853e-01 9.779e-01 9.736e-01 9.705e-01 9.702e-01 9.757e-01 9.776e-01 9.809e-01 9.839e-01 9.863e-01 9.905e-01 9.903e-01 9.828e-01
9.990e-01 9.981e-01 9.969e-01 9.939e-01 9.890e-01 9.840e-01 9.793e-01 9.763e-01 9.771e-01 9.796e-01 9.823e-01 9.836e-01 9.872e-01 9.892e-01 9.909e-01 9.920e-01 9.943e-01
9.986e-01 9.983e-01 9.977e-01 9.951e-01 9.914e-01 9.863e-01 9.833e-01 9.808e-01 9.807e-01 9.829e-01 9.859e-01 9.871e-01 9.894e-01 9.913e-01 9.927e-01 9.945e-01 9.956e-01
9.992e-01 9.962e-01 9.980e-01 9.965e-01 9.936e-01 9.903e-01 9.877e-01 9.845e-01 9.838e-01 9.867e-01 9.866e-01 9.884e-01 9.906e-01 9.922e-01 9.941e-01 9.953e-01 9.959e-01
9.944e-01 9.997e-01 9.984e-01 9.972e-01 9.953e-01 9.924e-01 9.903e-01 9.880e-01 9.871e-01 9.893e-01 9.892e-01 9.913e-01 9.921e-01 9.930e-01 9.950e-01 9.962e-01 9.947e-01
9.994e-01 9.994e-01 9.989e-01 9.982e-01 9.964e-01 9.943e-01 9.922e-01 9.901e-01 9.894e-01 9.907e-01 9.912e-01 9.917e-01 9.933e-01 9.947e-01 9.956e-01 9.968e-01 9.968e-01
9.995e-01 9.998e-01 9.989e-01 9.984e-01 9.967e-01 9.952e-01 9.941e-01 9.924e-01 9.915e-01 9.933e-01 9.932e-01 9.942e-01 9.950e-01 9.960e-01 9.969e-01 9.976e-01 9.966e-01
9.996e-01 9.998e-01 9.996e-01 9.987e-01 9.980e-01 9.966e-01 9.956e-01 9.934e-01 9.931e-01 9.938e-01 9.942e-01 9.943e-01 9.955e-01 9.963e-01 9.971e-01 9.975e-01 9.985e-01
9.947e-01 9.996e-01 9.993e-01 9.991e-01 9.985e-01 9.972e-01 9.969e-01 9.952e-01 9.947e-01 9.947e-01 9.952e-01 9.958e-01 9.963e-01 9.967e-01 9.961e-01 9.986e-01 9.984e-01
1.000e+00 9.992e-01 1.000e+00 9.994e-01 9.985e-01 9.982e-01 9.973e-01 9.961e-01 9.954e-01 9.957e-01 9.962e-01 9.963e-01 9.963e-01 9.974e-01 9.982e-01 9.985e-01 9.987e-01
9.999e-01 9.999e-01 9.996e-01 9.994e-01 9.993e-01 9.990e-01 9.976e-01 9.974e-01 9.963e-01 9.979e-01 9.968e-01 9.969e-01 9.967e-01 9.977e-01 9.984e-01 9.997e-01 9.975e-01
9.998e-01 1.000e+00 9.999e-01 9.994e-01 9.995e-01 9.992e-01 9.983e-01 9.975e-01 9.972e-01 9.975e-01 9.977e-01 9.975e-01 9.975e-01 9.987e-01 9.986e-01 9.988e-01 9.976e-01
