0	4.88522e-14
1.33124e-05	1.48722e-13
2.66248e-05	4.4833e-13
3.99372e-05	1.36452e-12
5.32496e-05	3.72466e-12
6.6562e-05	1.05795e-11
7.98744e-05	2.80165e-11
9.31867e-05	7.44933e-11
0.000106499	1.90837e-10
0.000119812	4.76468e-10
0.000133124	1.17742e-09
0.000146436	2.76888e-09
0.000159749	6.58148e-09
0.000173061	1.46225e-08
0.000186373	3.33405e-08
0.000199686	7.01891e-08
0.000212998	1.53118e-07
0.000226311	3.06299e-07
0.000239623	6.37769e-07
0.000252935	1.21549e-06
0.000266248	2.41043e-06
0.00027956	4.38821e-06
0.000292873	8.27172e-06
0.000306185	1.47135e-05
0.000319497	2.5937e-05
0.00033281	4.42392e-05
0.000346122	7.39253e-05
0.000359435	0.000120641
0.000372747	0.000191719
0.000386059	0.000298968
0.000399372	0.000452985
0.000412684	0.000674733
0.000425997	0.000976764
0.000439309	0.00139026
0.000452621	0.00192645
0.000465934	0.00262302
0.000479246	0.00348543
0.000492559	0.0045478
0.000505871	0.00580625
0.000519183	0.00727699
0.000532496	0.00894639
0.000545808	0.0108001
0.00055912	0.0128182
0.000572433	0.0149516
0.000585745	0.0171799
0.000599058	0.019427
0.00061237	0.0216779
0.000625682	0.0238471
0.000638995	0.02593
0.000652307	0.0278555
0.00066562	0.029632
0.000678932	0.0312297
0.000692244	0.0326695
0.000705557	0.0339851
0.000718869	0.0352043
0.000732182	0.0364309
0.000745494	0.0376895
0.000758806	0.0391325
0.000772119	0.0407717
0.000785431	0.0427601
0.000798744	0.0450934
0.000812056	0.0478712
0.000825368	0.0510787
0.000838681	0.0547321
0.000851993	0.0588159
0.000865305	0.0632756
0.000878618	0.0681054
0.00089193	0.0732314
0.000905243	0.0786621
0.000918555	0.0843737
0.000931867	0.090386
0.00094518	0.0967786
0.000958492	0.103574
0.000971805	0.110961
0.000985117	0.118952
0.000998429	0.12779
0.00101174	0.137469
0.00102505	0.148174
0.00103837	0.159884
0.00105168	0.172614
0.00106499	0.186336
0.0010783	0.200839
0.00109162	0.216101
0.00110493	0.231735
0.00111824	0.247736
0.00113155	0.263704
0.00114487	0.279656
0.00115818	0.295406
0.00117149	0.310984
0.0011848	0.326614
0.00119812	0.34232
0.00121143	0.358759
0.00122474	0.375938
0.00123805	0.394739
0.00125136	0.415152
0.00126468	0.437918
0.00127799	0.463023
0.0012913	0.490747
0.00130461	0.52108
0.00131793	0.553751
0.00133124	0.588759
0.00134455	0.625427
0.00135786	0.663761
0.00137118	0.702905
0.00138449	0.742866
0.0013978	0.782752
0.00141111	0.822569
0.00142443	0.861434
0.00143774	0.899348
0.00145105	0.935547
0.00146436	0.970016
0.00147768	1.00236
0.00149099	1.03255
0.0015043	1.06081
0.00151761	1.08712
0.00153093	1.11235
0.00154424	1.13649
0.00155755	1.16069
0.00157086	1.18499
0.00158417	1.21026
0.00159749	1.23656
0.0016108	1.26405
0.00162411	1.2928
0.00163742	1.32225
0.00165074	1.35243
0.00166405	1.38246
0.00167736	1.41231
0.00169067	1.44126
0.00170399	1.46922
0.0017173	1.49592
0.00173061	1.52127
0.00174392	1.54536
0.00175724	1.56816
0.00177055	1.58983
0.00178386	1.6104
0.00179717	1.62982
0.00181049	1.64814
0.0018238	1.66494
0.00183711	1.68027
0.00185042	1.69336
0.00186373	1.70419
0.00187705	1.7118
0.00189036	1.71591
0.00190367	1.71657
0.00191698	1.71238
0.0019303	1.70323
0.00194361	1.68919
0.00195692	1.67018
0.00197023	1.64607
0.00198355	1.61757
0.00199686	1.58467
0.00201017	1.54853
0.00202348	1.50928
0.0020368	1.46809
0.00205011	1.42522
0.00206342	1.38144
0.00207673	1.33704
0.00209005	1.29231
0.00210336	1.2474
0.00211667	1.20227
0.00212998	1.15695
0.0021433	1.1113
0.00215661	1.06526
0.00216992	1.01878
0.00218323	0.971816
0.00219654	0.924416
0.00220986	0.876568
0.00222317	0.828409
0.00223648	0.779957
0.00224979	0.731383
0.00226311	0.682722
0.00227642	0.634187
0.00228973	0.585821
0.00230304	0.53792
0.00231636	0.490546
0.00232967	0.444095
0.00234298	0.398679
0.00235629	0.354768
0.00236961	0.312538
0.00238292	0.272454
0.00239623	0.234751
0.00240954	0.199779
0.00242286	0.167786
0.00243617	0.138915
0.00244948	0.113356
0.00246279	0.0910065
0.0024761	0.0719366
0.00248942	0.0558422
0.00250273	0.0426405
0.00251604	0.0319283
0.00252935	0.0234913
0.00254267	0.0169357
0.00255598	0.0119769
0.00256929	0.00830341
0.0025826	0.00563028
0.00259592	0.00375172
0.00260923	0.0024327
0.00262254	0.00155835
0.00263585	0.000921798
0.00264917	0.000593897
