0	5.9531
1.33124e-05	6.12386
2.66248e-05	6.30843
3.99372e-05	6.50754
5.32496e-05	6.71908
6.6562e-05	6.9416
7.98744e-05	7.17346
9.31867e-05	7.41287
0.000106499	7.65823
0.000119812	7.90751
0.000133124	8.15921
0.000146436	8.41118
0.000159749	8.66216
0.000173061	8.91
0.000186373	9.15371
0.000199686	9.39132
0.000212998	9.62213
0.000226311	9.84446
0.000239623	10.0579
0.000252935	10.2612
0.000266248	10.4543
0.00027956	10.6363
0.000292873	10.8073
0.000306185	10.9672
0.000319497	11.1162
0.00033281	11.2546
0.000346122	11.3828
0.000359435	11.5017
0.000372747	11.6117
0.000386059	11.714
0.000399372	11.8092
0.000412684	11.8988
0.000425997	11.9833
0.000439309	12.0642
0.000452621	12.1421
0.000465934	12.2186
0.000479246	12.2939
0.000492559	12.3696
0.000505871	12.4458
0.000519183	12.5236
0.000532496	12.603
0.000545808	12.6847
0.00055912	12.7686
0.000572433	12.8548
0.000585745	12.9431
0.000599058	13.0331
0.00061237	13.1246
0.000625682	13.2165
0.000638995	13.3087
0.000652307	13.3998
0.00066562	13.4895
0.000678932	13.5763
0.000692244	13.66
0.000705557	13.7388
0.000718869	13.8127
0.000732182	13.88
0.000745494	13.9408
0.000758806	13.9936
0.000772119	14.0385
0.000785431	14.0746
0.000798744	14.1019
0.000812056	14.1203
0.000825368	14.1295
0.000838681	14.1284
0.000851993	14.1202
0.000865305	14.1041
0.000878618	14.0792
0.00089193	14.0478
0.000905243	14.01
0.000918555	13.9674
0.000931867	13.9201
0.00094518	13.8704
0.000958492	13.8182
0.000971805	13.7659
0.000985117	13.7137
0.000998429	13.6638
0.00101174	13.6163
0.00102505	13.5735
0.00103837	13.5353
0.00105168	13.5036
0.00106499	13.4782
0.0010783	13.4603
0.00109162	13.4499
0.00110493	13.4497
0.00111824	13.4554
0.00113155	13.4677
0.00114487	13.4895
0.00115818	13.5173
0.00117149	13.5511
0.0011848	13.5893
0.00119812	13.6316
0.00121143	13.6756
0.00122474	13.7212
0.00123805	13.7656
0.00125136	13.8087
0.00126468	13.8477
0.00127799	13.8825
0.0012913	13.9112
0.00130461	13.9335
0.00131793	13.9432
0.00133124	13.9471
0.00134455	13.9452
0.00135786	13.9284
0.00137118	13.9018
0.00138449	13.8653
0.0013978	13.8187
0.00141111	13.762
0.00142443	13.6961
0.00143774	13.621
0.00145105	13.5381
0.00146436	13.4472
0.00147768	13.35
0.00149099	13.2465
0.0015043	13.1381
0.00151761	13.0248
0.00153093	12.908
0.00154424	12.7876
0.00155755	12.6646
0.00157086	12.5389
0.00158417	12.4113
0.00159749	12.2816
0.0016108	12.1503
0.00162411	12.0172
0.00163742	11.8827
0.00165074	11.7465
0.00166405	11.6089
0.00167736	11.4698
0.00169067	11.3294
0.00170399	11.1875
0.0017173	11.0444
0.00173061	10.9001
0.00174392	10.7548
0.00175724	10.6085
0.00177055	10.4612
0.00178386	10.3132
0.00179717	10.1643
0.00181049	10.0146
0.0018238	9.86374
0.00183711	9.71186
0.00185042	9.55836
0.00186373	9.40323
0.00187705	9.24564
0.00189036	9.08554
0.00190367	8.92191
0.00191698	8.75466
0.0019303	8.58276
0.00194361	8.40606
0.00195692	8.22372
0.00197023	8.03555
0.00198355	7.84108
0.00199686	7.64013
0.00201017	7.43274
0.00202348	7.21876
0.0020368	6.99881
0.00205011	6.77284
0.00206342	6.54203
0.00207673	6.30643
0.00209005	6.0677
0.00210336	5.82602
0.00211667	5.58331
0.00212998	5.33991
0.0021433	5.09778
0.00215661	4.85739
0.00216992	4.62054
0.00218323	4.38776
0.00219654	4.16053
0.00220986	3.93938
0.00222317	3.72533
0.00223648	3.51885
0.00224979	3.32047
0.00226311	3.13054
0.00227642	2.94912
0.00228973	2.77641
0.00230304	2.6121
0.00231636	2.45621
0.00232967	2.30817
0.00234298	2.16785
0.00235629	2.03458
0.00236961	1.90811
0.00238292	1.78776
0.00239623	1.67322
0.00240954	1.56394
0.00242286	1.45957
0.00243617	1.35973
0.00244948	1.26411
0.00246279	1.1725
0.0024761	1.08467
0.00248942	1.00055
0.00250273	0.920013
0.00251604	0.843075
0.00252935	0.769699
0.00254267	0.699952
0.00255598	0.633857
0.00256929	0.571476
0.0025826	0.512864
0.00259592	0.458039
0.00260923	0.407049
0.00262254	0.359851
0.00263585	0.316416
0.00264917	0.276755
