6.051102737390032464e-07
1.350111574168446533e-06
3.269833958978672623e-06
1.348851726211354206e-05
3.629394051199582531e-05
5.804305968913418926e-05
5.591588506540739296e-05
4.251461918277501888e-05
3.432819155607123092e-05
3.181355208512913393e-05
2.760920267034167998e-05
1.549684295072023440e-05
1.162283689201073902e-05
9.064235818562526106e-06
7.047512096925697440e-06
6.619638800948818610e-06
7.303754267374398381e-06
4.465254615545503250e-06
4.453957775393450063e-06
3.041678848229303214e-06
2.327701659684744347e-06
1.090961253309647997e-07
0.000000000000000000e+00
0.000000000000000000e+00
0.000000000000000000e+00
0.000000000000000000e+00
0.000000000000000000e+00
0.000000000000000000e+00
0.000000000000000000e+00
0.000000000000000000e+00
