3.495918978729552209e-07
7.343476691896570522e-07
1.659739116497421561e-06
6.390623392476377685e-06
1.606075918202852721e-05
2.395724981303284381e-05
2.148251585749143662e-05
1.508921848028801704e-05
1.124479109938926702e-05
9.567833343740454646e-06
7.635737400927116253e-06
3.923907782922098162e-06
2.672566079493192901e-06
1.891432681721651611e-06
1.330893070935370960e-06
1.127194330739904833e-06
1.130026888603390381e-06
6.117333415040799300e-07
5.587485721097559405e-07
3.386792772895853549e-07
2.319986748491436412e-07
9.940484796181682040e-09
0.000000000000000000e+00
0.000000000000000000e+00
0.000000000000000000e+00
0.000000000000000000e+00
0.000000000000000000e+00
0.000000000000000000e+00
0.000000000000000000e+00
0.000000000000000000e+00
