1.138700471358088804e-06
1.407332866050083851e-06
2.773703938534857161e-06
1.091018808394089715e-05
2.860670423081918795e-05
4.435393476707003040e-05
4.090314925634611093e-05
2.934064695429644692e-05
2.240154750500717649e-05
1.977837817601741738e-05
1.641451599701509713e-05
8.999837857040889882e-06
6.611003543460823761e-06
5.074062337224304815e-06
3.866264065598502603e-06
3.535257228939778095e-06
3.840352625658127759e-06
2.381871893306235886e-06
2.340523550942331734e-06
1.609954297702077615e-06
1.237645714923284585e-06
5.875925616319438280e-08
0.000000000000000000e+00
0.000000000000000000e+00
0.000000000000000000e+00
0.000000000000000000e+00
0.000000000000000000e+00
0.000000000000000000e+00
0.000000000000000000e+00
0.000000000000000000e+00
