6.794828873651579842e-06
1.524662474535518308e-05
3.727101439077527671e-05
1.563444665795766977e-04
4.282377110314059942e-04
6.970423267509839481e-04
6.830786528164362655e-04
5.287219039703028095e-04
4.345102487563923146e-04
4.102419887908547412e-04
3.628240622887267831e-04
2.071449258394068025e-04
1.582537321521849526e-04
1.255155321178565121e-04
9.887069276472322532e-05
9.378735670905355925e-05
1.044653291096708954e-04
6.511462915542643359e-05
6.559418526235028337e-05
4.561092443895955085e-05
3.541714528165358622e-05
1.686096193304504425e-06
0.000000000000000000e+00
0.000000000000000000e+00
0.000000000000000000e+00
0.000000000000000000e+00
0.000000000000000000e+00
0.000000000000000000e+00
0.000000000000000000e+00
0.000000000000000000e+00
