1.331239999999999980e-05 1.100197221783546638e+03
2.662479999999999960e-05 1.088269652154879850e+03
3.993720000000000110e-05 1.080127266227990958e+03
5.324959999999999920e-05 1.073381313265990684e+03
6.656200000000000408e-05 1.067312810672435489e+03
7.987440000000000219e-05 1.061601535488213131e+03
9.318669999999999330e-05 1.056080781676210790e+03
1.064989999999999980e-04 1.050648216880990503e+03
1.198119999999999974e-04 1.045243316227251171e+03
1.331240000000000082e-04 1.039822571750223688e+03
1.464360000000000054e-04 1.034360493411073094e+03
1.597489999999999913e-04 1.028835158632015691e+03
1.730609999999999885e-04 1.023237332911471185e+03
1.863730000000000128e-04 1.017555792461545934e+03
1.996859999999999987e-04 1.011787004066292752e+03
2.129979999999999959e-04 1.005926551869433297e+03
2.263110000000000089e-04 9.999732738806641237e+02
2.396230000000000061e-04 9.939252769369185216e+02
2.529349999999999763e-04 9.877822455823325072e+02
2.662480000000000163e-04 9.815414340009872376e+02
2.795599999999999865e-04 9.752028884405432336e+02
2.928730000000000265e-04 9.687623131372284888e+02
3.061849999999999967e-04 9.622179872977825426e+02
3.194970000000000210e-04 9.555640270631737394e+02
3.328100000000000069e-04 9.487952774512751830e+02
3.461219999999999770e-04 9.419048721722616619e+02
3.594350000000000171e-04 9.348856116052959351e+02
3.727469999999999872e-04 9.277283560041281589e+02
3.860590000000000115e-04 9.204258808986143094e+02
3.993719999999999974e-04 9.129661598302535594e+02
4.126840000000000217e-04 9.053444142270042221e+02
4.259970000000000076e-04 8.975482977044712243e+02
4.393089999999999777e-04 8.895753573171980406e+02
4.526210000000000021e-04 8.814160975341659423e+02
4.659339999999999879e-04 8.730698133936876957e+02
4.792460000000000123e-04 8.645331602166484117e+02
4.925590000000000523e-04 8.558089445276331162e+02
5.058709999999999683e-04 8.468995877991865200e+02
5.191829999999999926e-04 8.378125014107420157e+02
5.324960000000000327e-04 8.285541766462931719e+02
5.458079999999999486e-04 8.191371616090596035e+02
5.591199999999999729e-04 8.095729889599195985e+02
5.724330000000000130e-04 7.998735443374246188e+02
5.857450000000000373e-04 7.900554804428725220e+02
5.990579999999999690e-04 7.801295168518403216e+02
6.123699999999999933e-04 7.701125648964072070e+02
6.256820000000000177e-04 7.600138659966855812e+02
6.389949999999999493e-04 7.498456015183862746e+02
6.523069999999999737e-04 7.396160212823389202e+02
6.656200000000000137e-04 7.293320239563823861e+02
6.789320000000000381e-04 7.189983320430767435e+02
6.922439999999999540e-04 7.086173819290338542e+02
7.055569999999999941e-04 6.981885290086341911e+02
7.188690000000000184e-04 6.877119635559367907e+02
7.321819999999999501e-04 6.771843893660486629e+02
7.454939999999999744e-04 6.666031352523913256e+02
7.588059999999999987e-04 6.559652982354463120e+02
7.721190000000000388e-04 6.452653232921034032e+02
7.854309999999999547e-04 6.345037280035642198e+02
7.987439999999999948e-04 6.236759667927979081e+02
8.120560000000000191e-04 6.127846214090120611e+02
8.253680000000000435e-04 6.018295615388582291e+02
8.386809999999999751e-04 5.908133892458932905e+02
8.519929999999999995e-04 5.797430258259148559e+02
8.653050000000000238e-04 5.686233173486937176e+02
8.786179999999999555e-04 5.574631775150013482e+02
8.919299999999999798e-04 5.462716513978524517e+02
9.052430000000000199e-04 5.350602299905297059e+02
9.185550000000000442e-04 5.238388534629474407e+02
9.318669999999999601e-04 5.126217919829404082e+02
9.451800000000000002e-04 5.014164948688556933e+02
9.584920000000000245e-04 4.902402730235506283e+02
9.718049999999999562e-04 4.790990573043904419e+02
9.851169999999999805e-04 4.680095846886832760e+02
9.984289999999998964e-04 4.569776727870908530e+02
1.011739999999999905e-03 4.460180866219595259e+02
1.025050000000000006e-03 4.351365111654304201e+02
1.038370000000000048e-03 4.243369931112571294e+02
1.051679999999999933e-03 4.136403361423982119e+02
1.064990000000000034e-03 4.030494702964522276e+02
1.078299999999999918e-03 3.925721143775765540e+02
1.091619999999999960e-03 3.822167235027646939e+02
1.104930000000000061e-03 3.719903229098823090e+02
1.118239999999999946e-03 3.619033532216082563e+02
1.131550000000000047e-03 3.519611187982434899e+02
1.144870000000000089e-03 3.421664012287830587e+02
1.158179999999999973e-03 3.325366968776648946e+02
1.171490000000000075e-03 3.230746317588353236e+02
1.184799999999999959e-03 3.137821559078431051e+02
1.198120000000000001e-03 3.046606026340217568e+02
1.211430000000000102e-03 2.957242941316370661e+02
1.224739999999999987e-03 2.869720928314303592e+02
1.238050000000000088e-03 2.784032359240995902e+02
1.251359999999999972e-03 2.700208451844001729e+02
1.264680000000000014e-03 2.618167305162367029e+02
1.277989999999999899e-03 2.538037918598148792e+02
1.291300000000000000e-03 2.459727671693081561e+02
1.304610000000000101e-03 2.383220390539338212e+02
1.317929999999999926e-03 2.308421137656244184e+02
1.331240000000000027e-03 2.235408158573072797e+02
1.344549999999999912e-03 2.164080331465035840e+02
1.357860000000000013e-03 2.094389129547627419e+02
1.371180000000000055e-03 2.026234535979753559e+02
1.384489999999999939e-03 1.959658762251032158e+02
1.397800000000000041e-03 1.894559072188603182e+02
1.411109999999999925e-03 1.830867090928038863e+02
1.424429999999999967e-03 1.768484089883895081e+02
1.437740000000000068e-03 1.707432288148520172e+02
1.451049999999999953e-03 1.647614905212256815e+02
1.464360000000000054e-03 1.588963968332730303e+02
1.477680000000000096e-03 1.531392318140856048e+02
1.490989999999999980e-03 1.474930228223847166e+02
1.504300000000000082e-03 1.419499461801582072e+02
1.517609999999999966e-03 1.365063217578160959e+02
1.530930000000000008e-03 1.311558568336550366e+02
1.544239999999999892e-03 1.259054057979910084e+02
1.557549999999999994e-03 1.207499941183739480e+02
1.570860000000000095e-03 1.156910795967701659e+02
1.584169999999999979e-03 1.107289837399954990e+02
1.597490000000000021e-03 1.058639286817357430e+02
1.610799999999999906e-03 1.011045435059328526e+02
1.624110000000000007e-03 9.645283989415108294e+01
1.637420000000000108e-03 9.191077152079780888e+01
1.650739999999999933e-03 8.748166459497021208e+01
1.664050000000000034e-03 8.317431798014746391e+01
1.677359999999999919e-03 7.899216325713156550e+01
1.690670000000000020e-03 7.493712379473377894e+01
1.703990000000000062e-03 7.101232234921268116e+01
1.717299999999999946e-03 6.722496656690638872e+01
1.730610000000000048e-03 6.357688294030845810e+01
1.743919999999999932e-03 6.006848743864307494e+01
1.757239999999999974e-03 5.670027992342671297e+01
1.770550000000000075e-03 5.347666647430562392e+01
1.783859999999999960e-03 5.039619867554500132e+01
1.797170000000000061e-03 4.745710854988358562e+01
1.810490000000000103e-03 4.465643102786293639e+01
1.823799999999999987e-03 4.199551853685579061e+01
1.837110000000000088e-03 3.946971813284545050e+01
1.850419999999999973e-03 3.707527974309515173e+01
1.863730000000000074e-03 3.480831261143913480e+01
1.877049999999999899e-03 3.266286890428985146e+01
1.890360000000000000e-03 3.063739627701901824e+01
1.903670000000000102e-03 2.872566815232326576e+01
1.916979999999999986e-03 2.692252046451759284e+01
1.930300000000000028e-03 2.522203645887725898e+01
1.943609999999999912e-03 2.362160861115902222e+01
1.956920000000000014e-03 2.211553109547155316e+01
1.970229999999999898e-03 2.069891097233351474e+01
1.983550000000000157e-03 1.936659415267169848e+01
1.996860000000000041e-03 1.811604285050365704e+01
2.010169999999999926e-03 1.694246089660142474e+01
2.023479999999999810e-03 1.584162287097778865e+01
2.036800000000000069e-03 1.480925054336727342e+01
2.050109999999999953e-03 1.384289399921205010e+01
2.063419999999999838e-03 1.293853701508506759e+01
2.076730000000000156e-03 1.209232909918718590e+01
2.090049999999999981e-03 1.130063165117206481e+01
2.103359999999999865e-03 1.056091361272000384e+01
2.116670000000000183e-03 9.869715797049419592e+00
2.129980000000000068e-03 9.223504791316676332e+00
2.143299999999999893e-03 8.619139877267242511e+00
2.156610000000000211e-03 8.054246634837813446e+00
2.169920000000000095e-03 7.525921910185119579e+00
2.183229999999999980e-03 7.031207730354085861e+00
2.196539999999999864e-03 6.567917267269375081e+00
2.209860000000000123e-03 6.133151180715814554e+00
2.223170000000000007e-03 5.725641943888120977e+00
2.236479999999999892e-03 5.342884189814226303e+00
2.249790000000000210e-03 4.983217923356073165e+00
2.263110000000000035e-03 4.644547264353987792e+00
2.276419999999999919e-03 4.325953787010464957e+00
2.289729999999999804e-03 4.025619097466229590e+00
2.303040000000000122e-03 3.742305880689694941e+00
2.316359999999999947e-03 3.474465202863170177e+00
2.329669999999999831e-03 3.221416519787946964e+00
2.342980000000000149e-03 2.981805370798711330e+00
2.356290000000000034e-03 2.754686658927557819e+00
2.369609999999999859e-03 2.538941178593996817e+00
2.382920000000000177e-03 2.334094142988059950e+00
2.396230000000000061e-03 2.139251632401941716e+00
2.409539999999999946e-03 1.953783172405266333e+00
2.422860000000000204e-03 1.777071923951661470e+00
2.436170000000000089e-03 1.608940255814119258e+00
2.449479999999999973e-03 1.449019744267763476e+00
2.462789999999999858e-03 1.297056447796563150e+00
2.476100000000000176e-03 1.153016608955644173e+00
2.489420000000000001e-03 1.016708974716717062e+00
2.502729999999999885e-03 8.884243883831079991e-01
2.516040000000000203e-03 7.680781258262661115e-01
2.529350000000000088e-03 6.557784148005902924e-01
2.542669999999999913e-03 5.514893524922520607e-01
2.555979999999999797e-03 4.554040645195441273e-01
2.569290000000000115e-03 3.674332366617513168e-01
2.582600000000000000e-03 2.874770764279391266e-01
2.595919999999999825e-03 2.153528859443647192e-01
2.609230000000000143e-03 1.509075002724571124e-01
2.622540000000000027e-03 9.381685103914051693e-02
2.635849999999999912e-03 4.369605160651100079e-02
2.649170000000000171e-03 0.000000000000000000e+00
