1.331239999999999980e-05 9.724162246119362862e+02
2.662479999999999960e-05 9.679373347710439930e+02
3.993720000000000110e-05 9.647483235008252223e+02
5.324959999999999920e-05 9.620024219932661254e+02
6.656200000000000408e-05 9.594360057230475149e+02
7.987440000000000219e-05 9.569298747710438420e+02
9.318669999999999330e-05 9.544153443395881595e+02
1.064989999999999980e-04 9.518495985512028028e+02
1.198119999999999974e-04 9.492016931289015247e+02
1.331240000000000082e-04 9.464493496923274733e+02
1.464360000000000054e-04 9.435748487908842890e+02
1.597489999999999913e-04 9.405634676185821945e+02
1.730609999999999885e-04 9.374048680906885238e+02
1.863730000000000128e-04 9.340887485380590078e+02
1.996859999999999987e-04 9.306083951766725022e+02
2.129979999999999959e-04 9.269574112008102702e+02
2.263110000000000089e-04 9.231318485294468701e+02
2.396230000000000061e-04 9.191279076720263674e+02
2.529349999999999763e-04 9.149441400705956084e+02
2.662480000000000163e-04 9.105778968956475410e+02
2.795599999999999865e-04 9.060302580773875434e+02
2.928730000000000265e-04 9.012997070888951612e+02
3.061849999999999967e-04 8.963883085034336773e+02
3.194970000000000210e-04 8.912958199138663531e+02
3.328100000000000069e-04 8.860234506695787786e+02
3.461219999999999770e-04 8.805726013099672400e+02
3.594350000000000171e-04 8.749437425923629235e+02
3.727469999999999872e-04 8.691382400931804568e+02
3.860590000000000115e-04 8.631565048767166672e+02
3.993719999999999974e-04 8.569980710025701001e+02
4.126840000000000217e-04 8.506642826865917186e+02
4.259970000000000076e-04 8.441535225829230740e+02
4.393089999999999777e-04 8.374670581959574065e+02
4.526210000000000021e-04 8.306034642853358037e+02
4.659339999999999879e-04 8.235628788015916371e+02
4.792460000000000123e-04 8.163459130209371324e+02
4.925590000000000523e-04 8.089532157013038614e+02
5.058709999999999683e-04 8.013869407556145461e+02
5.191829999999999926e-04 7.936499561472246569e+02
5.324960000000000327e-04 7.857453035644379042e+02
5.458079999999999486e-04 7.776796797269005310e+02
5.591199999999999729e-04 7.694594268955914913e+02
5.724330000000000130e-04 7.610914273502824017e+02
5.857450000000000373e-04 7.525873622430268597e+02
5.990579999999999690e-04 7.439548457417158716e+02
6.123699999999999933e-04 7.352083830041867714e+02
6.256820000000000177e-04 7.263566238703006093e+02
6.389949999999999493e-04 7.174135683243684980e+02
6.523069999999999737e-04 7.083891704741729427e+02
6.656200000000000137e-04 6.992963943692330986e+02
6.789320000000000381e-04 6.901436144728243107e+02
6.922439999999999540e-04 6.809424582784550921e+02
7.055569999999999941e-04 6.716969988224273038e+02
7.188690000000000184e-04 6.624178814254930785e+02
7.321819999999999501e-04 6.531060735143820466e+02
7.454939999999999744e-04 6.437688270800548480e+02
7.588059999999999987e-04 6.344057622351240298e+02
7.721190000000000388e-04 6.250190470511663534e+02
7.854309999999999547e-04 6.156090262865229761e+02
7.987439999999999948e-04 6.061750666458295882e+02
8.120560000000000191e-04 5.967169312141221553e+02
8.253680000000000435e-04 5.872337784016975775e+02
8.386809999999999751e-04 5.777233125311843196e+02
8.519929999999999995e-04 5.681870188629242193e+02
8.653050000000000238e-04 5.586230984895479423e+02
8.786179999999999555e-04 5.490319572805829011e+02
8.919299999999999798e-04 5.394147527777993218e+02
9.052430000000000199e-04 5.297726415050857440e+02
9.185550000000000442e-04 5.201076236794095848e+02
9.318669999999999601e-04 5.104232220549811814e+02
9.451800000000000002e-04 5.007199844000904818e+02
9.584920000000000245e-04 4.910051067672678187e+02
9.718049999999999562e-04 4.812789072839884739e+02
9.851169999999999805e-04 4.715497022325108105e+02
9.984289999999998964e-04 4.618187540388327079e+02
1.011739999999999905e-03 4.520942759611944552e+02
1.025050000000000006e-03 4.423782064862741095e+02
1.038370000000000048e-03 4.326701933182076800e+02
1.051679999999999933e-03 4.229866108379213188e+02
1.064990000000000034e-03 4.133274813926002480e+02
1.078299999999999918e-03 4.036944201861062993e+02
1.091619999999999960e-03 3.940874169409493675e+02
1.104930000000000061e-03 3.845224393905528473e+02
1.118239999999999946e-03 3.749994862594910501e+02
1.131550000000000047e-03 3.655202808773904621e+02
1.144870000000000089e-03 3.560857536853413308e+02
1.158179999999999973e-03 3.467122427734364010e+02
1.171490000000000075e-03 3.374018934329019999e+02
1.184799999999999959e-03 3.281572735625700261e+02
1.198120000000000001e-03 3.189817180777031354e+02
1.211430000000000102e-03 3.098941818636672565e+02
1.224739999999999987e-03 3.009035843241970269e+02
1.238050000000000088e-03 2.920050361900297275e+02
1.251359999999999972e-03 2.832154379837413671e+02
1.264680000000000014e-03 2.745343377358948374e+02
1.277989999999999899e-03 2.659863336353137129e+02
1.291300000000000000e-03 2.575687022833274682e+02
1.304610000000000101e-03 2.492926979268287084e+02
1.317929999999999926e-03 2.411552579760173955e+02
1.331240000000000027e-03 2.331778256522571269e+02
1.344549999999999912e-03 2.253560266588261243e+02
1.357860000000000013e-03 2.176965668841044703e+02
1.371180000000000055e-03 2.101942638705188529e+02
1.384489999999999939e-03 2.028645001808309019e+02
1.397800000000000041e-03 1.957008850796441948e+02
1.411109999999999925e-03 1.887052792512020289e+02
1.424429999999999967e-03 1.818708923707783072e+02
1.437740000000000068e-03 1.752081728831584542e+02
1.451049999999999953e-03 1.687097070786156223e+02
1.464360000000000054e-03 1.623746136525895452e+02
1.477680000000000096e-03 1.561957078026384522e+02
1.490989999999999980e-03 1.501808942807086282e+02
1.504300000000000082e-03 1.443229318468296185e+02
1.517609999999999966e-03 1.386203582883821923e+02
1.530930000000000008e-03 1.330665432031842954e+02
1.544239999999999892e-03 1.276685089086614937e+02
1.557549999999999994e-03 1.224198267717145399e+02
1.570860000000000095e-03 1.173194123832537912e+02
1.584169999999999979e-03 1.123652040980271209e+02
1.597490000000000021e-03 1.075527517888927491e+02
1.610799999999999906e-03 1.028872985914243827e+02
1.624110000000000007e-03 9.836453102941987936e+01
1.637420000000000108e-03 9.398245176845051674e+01
1.650739999999999933e-03 8.973712975100067979e+01
1.664050000000000034e-03 8.563284620733358565e+01
1.677359999999999919e-03 8.166541160523284759e+01
1.690670000000000020e-03 7.783255207997665082e+01
1.703990000000000062e-03 7.413007431858220286e+01
1.717299999999999946e-03 7.056101219382475165e+01
1.730610000000000048e-03 6.712071166364546571e+01
1.743919999999999932e-03 6.380637563606282470e+01
1.757239999999999974e-03 6.061329644999375432e+01
1.770550000000000075e-03 5.754323755186317868e+01
1.783859999999999960e-03 5.459117770482920662e+01
1.797170000000000061e-03 5.175394820048116173e+01
1.810490000000000103e-03 4.902674984697267746e+01
1.823799999999999987e-03 4.641046107412010002e+01
1.837110000000000088e-03 4.390038287747822210e+01
1.850419999999999973e-03 4.149334348177491449e+01
1.863730000000000074e-03 3.918691451827013594e+01
1.877049999999999899e-03 3.697644358992671698e+01
1.890360000000000000e-03 3.486304457869321283e+01
1.903670000000000102e-03 3.284229847923330681e+01
1.916979999999999986e-03 3.091218863455640786e+01
1.930300000000000028e-03 2.906876587378149068e+01
1.943609999999999912e-03 2.731286150233760424e+01
1.956920000000000014e-03 2.564068320223886488e+01
1.970229999999999898e-03 2.405022456919170182e+01
1.983550000000000157e-03 2.253799916004225423e+01
1.996860000000000041e-03 2.110410080606806460e+01
2.010169999999999926e-03 1.974504572835466121e+01
2.023479999999999810e-03 1.845841603703402356e+01
2.036800000000000069e-03 1.724090147184881516e+01
2.050109999999999953e-03 1.609169276222903022e+01
2.063419999999999838e-03 1.500744370275277895e+01
2.076730000000000156e-03 1.398536832974718358e+01
2.090049999999999981e-03 1.302230273997879095e+01
2.103359999999999865e-03 1.211684033256761062e+01
2.116670000000000183e-03 1.126588220156573605e+01
2.129980000000000068e-03 1.046660914992103564e+01
2.143299999999999893e-03 9.716176298001604650e+00
2.156610000000000211e-03 9.013003599897487561e+00
2.169920000000000095e-03 8.354381738912156408e+00
2.183229999999999980e-03 7.737746074069798752e+00
2.196539999999999864e-03 7.161097282117641960e+00
2.209860000000000123e-03 6.621632607048581143e+00
2.223170000000000007e-03 6.118278106640333114e+00
2.236479999999999892e-03 5.648400649045615118e+00
2.249790000000000210e-03 5.210220866328006295e+00
2.263110000000000035e-03 4.801340312179076975e+00
2.276419999999999919e-03 4.420688331226021894e+00
2.289729999999999804e-03 4.066001842160273938e+00
2.303040000000000122e-03 3.735684061740857320e+00
2.316359999999999947e-03 3.427684360400203634e+00
2.329669999999999831e-03 3.140965608499282968e+00
2.342980000000000149e-03 2.873651854860042931e+00
2.356290000000000034e-03 2.624364871060877125e+00
2.369609999999999859e-03 2.391494828513253346e+00
2.382920000000000177e-03 2.174169784520829651e+00
2.396230000000000061e-03 1.971040132157140912e+00
2.409539999999999946e-03 1.781074315183371226e+00
2.422860000000000204e-03 1.603241364273278347e+00
2.436170000000000089e-03 1.436989397348496400e+00
2.449479999999999973e-03 1.281561370981277204e+00
2.462789999999999858e-03 1.136347761126153877e+00
2.476100000000000176e-03 1.000949190639784492e+00
2.489420000000000001e-03 8.748447382848956178e-01
2.502729999999999885e-03 7.579680092360151500e-01
2.516040000000000203e-03 6.499282499233631771e-01
2.529350000000000088e-03 5.505270697695635596e-01
2.542669999999999913e-03 4.594559623554151928e-01
2.555979999999999797e-03 3.766325447547178018e-01
2.569290000000000115e-03 3.017396463591254241e-01
2.582600000000000000e-03 2.344844605913468660e-01
2.595919999999999825e-03 1.745123640679110411e-01
2.609230000000000143e-03 1.215274814542507548e-01
2.622540000000000027e-03 7.509754859694678375e-02
2.635849999999999912e-03 3.478958911124650083e-02
2.649170000000000171e-03 0.000000000000000000e+00
