1.331239999999999980e-05 1.071188267106925423e+03
2.662479999999999960e-05 1.062607802662254244e+03
3.993720000000000110e-05 1.056684055995814333e+03
5.324959999999999920e-05 1.051723908217810049e+03
6.656200000000000408e-05 1.047213831551369822e+03
7.987440000000000219e-05 1.042921882662254347e+03
9.318669999999999330e-05 1.038724654468911467e+03
1.064989999999999980e-04 1.034543699892451968e+03
1.198119999999999974e-04 1.030330489241270470e+03
1.331240000000000082e-04 1.026047742122540967e+03
1.464360000000000054e-04 1.021672088077204990e+03
1.597489999999999913e-04 1.017181274210111724e+03
1.730609999999999885e-04 1.012564559118988313e+03
1.863730000000000128e-04 1.007807672351369320e+03
1.996859999999999987e-04 1.002905400191408035e+03
2.129979999999999959e-04 9.978495534835143417e+02
2.263110000000000089e-04 9.926386313444643292e+02
2.396230000000000061e-04 9.872680215918893509e+02
2.529349999999999763e-04 9.817392847195430932e+02
2.662480000000000163e-04 9.760491875609891395e+02
2.795599999999999865e-04 9.702022837803658604e+02
2.928730000000000265e-04 9.641965429335073168e+02
3.061849999999999967e-04 9.580373273160439567e+02
3.194970000000000210e-04 9.517239243775156865e+02
3.328100000000000069e-04 9.452602866202620362e+02
3.461219999999999770e-04 9.386471723313460416e+02
3.594350000000000171e-04 9.318871435325623906e+02
3.727469999999999872e-04 9.249801653498408314e+02
3.860590000000000115e-04 9.179278859777995194e+02
3.993719999999999974e-04 9.107270925425591486e+02
4.126840000000000217e-04 9.033794143831731844e+02
4.259970000000000076e-04 8.958788616666660118e+02
4.393089999999999777e-04 8.882254618852356316e+02
4.526210000000000021e-04 8.804113466594385500e+02
4.659339999999999879e-04 8.724334631775983553e+02
4.792460000000000123e-04 8.642835516362947601e+02
4.925590000000000523e-04 8.559572054560845800e+02
5.058709999999999683e-04 8.474448002379956506e+02
5.191829999999999926e-04 8.387426506200805534e+02
5.324960000000000327e-04 8.298390466303567337e+02
5.458079999999999486e-04 8.207336054175619893e+02
5.591199999999999729e-04 8.114160787739086800e+02
5.724330000000000130e-04 8.018865008387699618e+02
5.857450000000000373e-04 7.921401003041693230e+02
5.990579999999999690e-04 7.821796154389251114e+02
6.123699999999999933e-04 7.720055540390321767e+02
6.256820000000000177e-04 7.616253748271708446e+02
6.389949999999999493e-04 7.510438385796888952e+02
6.523069999999999737e-04 7.402748453914902029e+02
6.656200000000000137e-04 7.293293366372860191e+02
6.789320000000000381e-04 7.182248078664346167e+02
6.922439999999999540e-04 7.069794762157989680e+02
7.055569999999999941e-04 6.956107311393021746e+02
7.188690000000000184e-04 6.841443842025857975e+02
7.321819999999999501e-04 6.725977205330716515e+02
7.454939999999999744e-04 6.609993795859367083e+02
7.588059999999999987e-04 6.493666927041439294e+02
7.721190000000000388e-04 6.377258263430204579e+02
7.854309999999999547e-04 6.260945114795382551e+02
7.987439999999999948e-04 6.144956160782327288e+02
8.120560000000000191e-04 6.029436113403103263e+02
8.253680000000000435e-04 5.914578073537062437e+02
8.386809999999999751e-04 5.800462918348678159e+02
8.519929999999999995e-04 5.687253757163872478e+02
8.653050000000000238e-04 5.574993578812210444e+02
8.786179999999999555e-04 5.463761626841430825e+02
8.919299999999999798e-04 5.353593410272878828e+02
9.052430000000000199e-04 5.244506917594192146e+02
9.185550000000000442e-04 5.136512895982061764e+02
9.318669999999999601e-04 5.029596849464755337e+02
9.451800000000000002e-04 4.923730196045860907e+02
9.584920000000000245e-04 4.818897924482877215e+02
9.718049999999999562e-04 4.715057734482574006e+02
9.851169999999999805e-04 4.612185618403852914e+02
9.984289999999998964e-04 4.510249368053099488e+02
1.011739999999999905e-03 4.409222127307987762e+02
1.025050000000000006e-03 4.309087020119933413e+02
1.038370000000000048e-03 4.209742889053192130e+02
1.051679999999999933e-03 4.111332550228444234e+02
1.064990000000000034e-03 4.013781010878993243e+02
1.078299999999999918e-03 3.917092331470323074e+02
1.091619999999999960e-03 3.821213814397800661e+02
1.104930000000000061e-03 3.726301569423375213e+02
1.118239999999999946e-03 3.632315827083798467e+02
1.131550000000000047e-03 3.539271682685763949e+02
1.144870000000000089e-03 3.447135278960997198e+02
1.158179999999999973e-03 3.356073498270079654e+02
1.171490000000000075e-03 3.266074714894811564e+02
1.184799999999999959e-03 3.177101752987326222e+02
1.198120000000000001e-03 3.089149408739557998e+02
1.211430000000000102e-03 3.002362448130268149e+02
1.224739999999999987e-03 2.916699828474906440e+02
1.238050000000000088e-03 2.832162584169252568e+02
1.251359999999999972e-03 2.748773634406430233e+02
1.264680000000000014e-03 2.666470580764217857e+02
1.277989999999999899e-03 2.585396824000028460e+02
1.291300000000000000e-03 2.505488958017761547e+02
1.304610000000000101e-03 2.426767926553442862e+02
1.317929999999999926e-03 2.349175660008410773e+02
1.331240000000000027e-03 2.272853674006563267e+02
1.344549999999999912e-03 2.197745428737778184e+02
1.357860000000000013e-03 2.123881212591443557e+02
1.371180000000000055e-03 2.051210985607052351e+02
1.384489999999999939e-03 1.979878776948804671e+02
1.397800000000000041e-03 1.909835895711520379e+02
1.411109999999999925e-03 1.841120742867144315e+02
1.424429999999999967e-03 1.773690260283256066e+02
1.437740000000000068e-03 1.707686647318340079e+02
1.451049999999999953e-03 1.643067601397988540e+02
1.464360000000000054e-03 1.579876711890339323e+02
1.477680000000000096e-03 1.518077280951235934e+02
1.490989999999999980e-03 1.457808477945364700e+02
1.504300000000000082e-03 1.399034797798899206e+02
1.517609999999999966e-03 1.341805263076710446e+02
1.530930000000000008e-03 1.286089693717254363e+02
1.544239999999999892e-03 1.232021357979251377e+02
1.557549999999999994e-03 1.179569498051209280e+02
1.570860000000000095e-03 1.128780071609074724e+02
1.584169999999999979e-03 1.079661161295151004e+02
1.597490000000000021e-03 1.032214094385190180e+02
1.610799999999999906e-03 9.865112412048603119e+01
1.624110000000000007e-03 9.425388421457826382e+01
1.637420000000000108e-03 9.002881134600946211e+01
1.650739999999999933e-03 8.597293743415983158e+01
1.664050000000000034e-03 8.209024236766919103e+01
1.677359999999999919e-03 7.837532786523364337e+01
1.690670000000000020e-03 7.482476086886227051e+01
1.703990000000000062e-03 7.143113483292270871e+01
1.717299999999999946e-03 6.819486771197979635e+01
1.730610000000000048e-03 6.510636874258017315e+01
1.743919999999999932e-03 6.215994414852824690e+01
1.757239999999999974e-03 5.934482546175621565e+01
1.770550000000000075e-03 5.665887016609363513e+01
1.783859999999999960e-03 5.409050310742403411e+01
1.797170000000000061e-03 5.163311386682735815e+01
1.810490000000000103e-03 4.927547315328699540e+01
1.823799999999999987e-03 4.701471841499277105e+01
1.837110000000000088e-03 4.484046502828176983e+01
1.850419999999999973e-03 4.274690903876137327e+01
1.863730000000000074e-03 4.072688228806791955e+01
1.877049999999999899e-03 3.877407038568986053e+01
1.890360000000000000e-03 3.688607119752979457e+01
1.903670000000000102e-03 3.505773605752638389e+01
1.916979999999999986e-03 3.328571713896358375e+01
1.930300000000000028e-03 3.156622474109825660e+01
1.943609999999999912e-03 2.990036485854430737e+01
1.956920000000000014e-03 2.828544036138738704e+01
1.970229999999999898e-03 2.672147661256640205e+01
1.983550000000000157e-03 2.520679936746728700e+01
1.996860000000000041e-03 2.374467324693138792e+01
2.010169999999999926e-03 2.233398076583654657e+01
2.023479999999999810e-03 2.097608302131188296e+01
2.036800000000000069e-03 1.967021657973425164e+01
2.050109999999999953e-03 1.841950823823701100e+01
2.063419999999999838e-03 1.722308285206849021e+01
2.076730000000000156e-03 1.608148808269493202e+01
2.090049999999999981e-03 1.499364781370240074e+01
2.103359999999999865e-03 1.396091567807627065e+01
2.116670000000000183e-03 1.298174544670336594e+01
2.129980000000000068e-03 1.205502323492027195e+01
2.143299999999999893e-03 1.117888301932191730e+01
2.156610000000000211e-03 1.035287430225161565e+01
2.169920000000000095e-03 9.574781021820442106e+00
2.183229999999999980e-03 8.842440851281777370e+00
2.196539999999999864e-03 8.154094308607348296e+00
2.209860000000000123e-03 7.506992920818481352e+00
2.223170000000000007e-03 6.900297163842439296e+00
2.236479999999999892e-03 6.331399369340814154e+00
2.249790000000000210e-03 5.798560308570389843e+00
2.263110000000000035e-03 5.299514428915978570e+00
2.276419999999999919e-03 4.833426407532164681e+00
2.289729999999999804e-03 4.398288520085425368e+00
2.303040000000000122e-03 3.992681971393194473e+00
2.316359999999999947e-03 3.614888949244341898e+00
2.329669999999999831e-03 3.264192573408660536e+00
2.342980000000000149e-03 2.939015446805350873e+00
2.356290000000000034e-03 2.638158570123466440e+00
2.369609999999999859e-03 2.360191677201599614e+00
2.382920000000000177e-03 2.104378077907480993e+00
2.396230000000000061e-03 1.869337142547447650e+00
2.409539999999999946e-03 1.653938225399936401e+00
2.422860000000000204e-03 1.456901247141539679e+00
2.436170000000000089e-03 1.277416236047470122e+00
2.449479999999999973e-03 1.114264858620254151e+00
2.462789999999999858e-03 9.663803463089699619e-01
2.476100000000000176e-03 8.327662860313799209e-01
2.489420000000000001e-03 7.123301387042549893e-01
2.502729999999999885e-03 6.043336459393947591e-01
2.516040000000000203e-03 5.077673067890011716e-01
2.529350000000000088e-03 4.217914019731984210e-01
2.542669999999999913e-03 3.455082468631588410e-01
2.555979999999999797e-03 2.782667880467587507e-01
2.569290000000000115e-03 2.192466654538789417e-01
2.582600000000000000e-03 1.677464907770664926e-01
2.595919999999999825e-03 1.230354003754329240e-01
2.609230000000000143e-03 8.453791296383761367e-02
2.622540000000000027e-03 5.158661066945147838e-02
2.635849999999999912e-03 2.365050607132646379e-02
2.649170000000000171e-03 0.000000000000000000e+00
