1.331239999999999980e-05 1.034608617738671683e+03
2.662479999999999960e-05 1.030694642976126488e+03
3.993720000000000110e-05 1.027825385516449387e+03
5.324959999999999920e-05 1.025292393253904265e+03
6.656200000000000408e-05 1.022870509960894083e+03
7.987440000000000219e-05 1.020458081309459772e+03
9.318669999999999330e-05 1.017994219372751104e+03
1.064989999999999980e-04 1.015441569930111768e+03
1.198119999999999974e-04 1.012772105723602749e+03
1.331240000000000082e-04 1.009966415332411998e+03
1.464360000000000054e-04 1.007008545244924562e+03
1.597489999999999913e-04 1.003885982613871420e+03
1.730609999999999885e-04 1.000589405400389637e+03
1.863730000000000128e-04 9.971102143961646789e+02
1.996859999999999987e-04 9.934412512158079380e+02
2.129979999999999959e-04 9.895767050473890549e+02
2.263110000000000089e-04 9.855099635158982210e+02
2.396230000000000061e-04 9.812356975482085772e+02
2.529349999999999763e-04 9.767471131993036124e+02
2.662480000000000163e-04 9.720370596156295733e+02
2.795599999999999865e-04 9.670988730954978791e+02
2.928730000000000265e-04 9.619234617749194740e+02
3.061849999999999967e-04 9.565036904809811631e+02
3.194970000000000210e-04 9.508295788752656108e+02
3.328100000000000069e-04 9.448934013507218879e+02
3.461219999999999770e-04 9.386865544745476200e+02
3.594350000000000171e-04 9.322029395552319784e+02
3.727469999999999872e-04 9.254360901895079223e+02
3.860590000000000115e-04 9.183839791649425024e+02
3.993719999999999974e-04 9.110428221937430635e+02
4.126840000000000217e-04 9.034168622596887417e+02
4.259970000000000076e-04 8.955075199409984634e+02
4.393089999999999777e-04 8.873239745998196213e+02
4.526210000000000021e-04 8.788746675786319429e+02
4.659339999999999879e-04 8.701710371856875099e+02
4.792460000000000123e-04 8.612296526998459285e+02
4.925590000000000523e-04 8.520638192187745972e+02
5.058709999999999683e-04 8.426950280417638623e+02
5.191829999999999926e-04 8.331382193421784450e+02
5.324960000000000327e-04 8.234155181930578919e+02
5.458079999999999486e-04 8.135435714768235584e+02
5.591199999999999729e-04 8.035451226061029502e+02
5.724330000000000130e-04 7.934330120323509163e+02
5.857450000000000373e-04 7.832312564859329314e+02
5.990579999999999690e-04 7.729495843866669702e+02
6.123699999999999933e-04 7.626099348880173920e+02
6.256820000000000177e-04 7.522203387163264097e+02
6.389949999999999493e-04 7.417977810958661848e+02
6.523069999999999737e-04 7.313503216221215553e+02
6.656200000000000137e-04 7.208915215422808842e+02
6.789320000000000381e-04 7.104274175070368074e+02
6.922439999999999540e-04 6.999699314944308526e+02
7.055569999999999941e-04 6.895210306137140606e+02
7.188690000000000184e-04 6.790928728120525193e+02
7.321819999999999501e-04 6.686851258779126965e+02
7.454939999999999744e-04 6.583079921042561864e+02
7.588059999999999987e-04 6.479605172068731918e+02
7.721190000000000388e-04 6.376485999364842883e+02
7.854309999999999547e-04 6.273722934431717704e+02
7.987439999999999948e-04 6.171346764601513541e+02
8.120560000000000191e-04 6.069344936426995218e+02
8.253680000000000435e-04 5.967734024542404541e+02
8.386809999999999751e-04 5.866466948052468524e+02
8.519929999999999995e-04 5.765561950481999247e+02
8.653050000000000238e-04 5.664961619300036091e+02
8.786179999999999555e-04 5.564642371179487554e+02
8.919299999999999798e-04 5.464562556132439113e+02
9.052430000000000199e-04 5.364676515008853812e+02
9.185550000000000442e-04 5.264939038059013683e+02
9.318669999999999601e-04 5.165304237595419181e+02
9.451800000000000002e-04 5.065705095860091092e+02
9.584920000000000245e-04 4.966118394135290259e+02
9.718049999999999562e-04 4.866474706555464422e+02
9.851169999999999805e-04 4.766758921976986016e+02
9.984289999999998964e-04 4.666918088839228176e+02
1.011739999999999905e-03 4.566945367238002973e+02
1.025050000000000006e-03 4.466807241223516485e+02
1.038370000000000048e-03 4.366429306209935248e+02
1.051679999999999933e-03 4.265943213913174077e+02
1.064990000000000034e-03 4.165306925819124899e+02
1.078299999999999918e-03 4.064516937237976322e+02
1.091619999999999960e-03 3.963561245774847066e+02
1.104930000000000061e-03 3.862603387174053751e+02
1.118239999999999946e-03 3.761661235887042380e+02
1.131550000000000047e-03 3.660761592666786441e+02
1.144870000000000089e-03 3.559955537321454813e+02
1.158179999999999973e-03 3.459435426275538816e+02
1.171490000000000075e-03 3.359282775038578848e+02
1.184799999999999959e-03 3.259551015542255641e+02
1.198120000000000001e-03 3.160353620906755054e+02
1.211430000000000102e-03 3.061903637917776564e+02
1.224739999999999987e-03 2.964341968135337311e+02
1.238050000000000088e-03 2.867729918151511583e+02
1.251359999999999972e-03 2.772288775053117433e+02
1.264680000000000014e-03 2.678038047231322025e+02
1.277989999999999899e-03 2.585329597659664955e+02
1.291300000000000000e-03 2.494170341992992519e+02
1.304610000000000101e-03 2.404760204589612442e+02
1.317929999999999926e-03 2.317097956039170015e+02
1.331240000000000027e-03 2.231486652670965327e+02
1.344549999999999912e-03 2.147904740426768058e+02
1.357860000000000013e-03 2.066483495892037752e+02
1.371180000000000055e-03 1.987185218618570275e+02
1.384489999999999939e-03 1.910213895664074926e+02
1.397800000000000041e-03 1.835508930732910642e+02
1.411109999999999925e-03 1.763110347524367967e+02
1.424429999999999967e-03 1.692944484177620836e+02
1.437740000000000068e-03 1.625118791298621943e+02
1.451049999999999953e-03 1.559544749464056679e+02
1.464360000000000054e-03 1.496197049962094923e+02
1.477680000000000096e-03 1.434984721841108239e+02
1.490989999999999980e-03 1.375957828596979482e+02
1.504300000000000082e-03 1.319021553923077761e+02
1.517609999999999966e-03 1.264126510526249518e+02
1.530930000000000008e-03 1.211183769922472493e+02
1.544239999999999892e-03 1.160221277946968002e+02
1.557549999999999994e-03 1.111151786409454161e+02
1.570860000000000095e-03 1.063923080496392117e+02
1.584169999999999979e-03 1.018489249313998215e+02
1.597490000000000021e-03 9.747646162989056506e+01
1.610799999999999906e-03 9.327687115893679959e+01
1.624110000000000007e-03 8.924131223679242453e+01
1.637420000000000108e-03 8.536504924489078405e+01
1.650739999999999933e-03 8.163921833186702770e+01
1.664050000000000034e-03 7.806446704567304096e+01
1.677359999999999919e-03 7.463136444613678577e+01
1.690670000000000020e-03 7.133472643090156851e+01
1.703990000000000062e-03 6.816504795972211639e+01
1.717299999999999946e-03 6.512176495906115292e+01
1.730610000000000048e-03 6.219518687122686629e+01
1.743919999999999932e-03 5.938001188045920031e+01
1.757239999999999974e-03 5.666715201558489667e+01
1.770550000000000075e-03 5.405563941998664035e+01
1.783859999999999960e-03 5.153717507360146755e+01
1.797170000000000061e-03 4.910725690118676567e+01
1.810490000000000103e-03 4.675913559291043953e+01
1.823799999999999987e-03 4.449258627567057545e+01
1.837110000000000088e-03 4.230248247008251639e+01
1.850419999999999973e-03 4.018596019618278348e+01
1.863730000000000074e-03 3.814131953333740199e+01
1.877049999999999899e-03 3.616514713418047933e+01
1.890360000000000000e-03 3.426009702721092509e+01
1.903670000000000102e-03 3.242352517175902449e+01
1.916979999999999986e-03 3.065600791825653104e+01
1.930300000000000028e-03 2.895558015661126205e+01
1.943609999999999912e-03 2.732560471915918754e+01
1.956920000000000014e-03 2.576423090472577826e+01
1.970229999999999898e-03 2.427186412736137200e+01
1.983550000000000157e-03 2.284663221719422310e+01
1.996860000000000041e-03 2.149019139263157641e+01
2.010169999999999926e-03 2.020021185464867131e+01
2.023479999999999810e-03 1.897511481989796067e+01
2.036800000000000069e-03 1.781220338019955207e+01
2.050109999999999953e-03 1.671062351357071663e+01
2.063419999999999838e-03 1.566717960963412182e+01
2.076730000000000156e-03 1.467856210795274663e+01
2.090049999999999981e-03 1.374141262080307158e+01
2.103359999999999865e-03 1.285354651044158558e+01
2.116670000000000183e-03 1.201152834288181026e+01
2.129980000000000068e-03 1.121191217467792534e+01
2.143299999999999893e-03 1.045156805377767739e+01
2.156610000000000211e-03 9.728685857769985290e+00
2.169920000000000095e-03 9.040514054713051806e+00
2.183229999999999980e-03 8.384804520427691088e+00
2.196539999999999864e-03 7.759879946357096436e+00
2.209860000000000123e-03 7.163807300627518693e+00
2.223170000000000007e-03 6.596315334122635043e+00
2.236479999999999892e-03 6.056174178932370644e+00
2.249790000000000210e-03 5.542667479174689049e+00
2.263110000000000035e-03 5.055153575900803276e+00
2.276419999999999919e-03 4.593975176555492368e+00
2.289729999999999804e-03 4.158766683284416565e+00
2.303040000000000122e-03 3.749306071718306654e+00
2.316359999999999947e-03 3.365335425411650760e+00
2.329669999999999831e-03 3.007209874016643081e+00
2.342980000000000149e-03 2.674511470777494626e+00
2.356290000000000034e-03 2.366880840758550875e+00
2.369609999999999859e-03 2.083682840757711929e+00
2.382920000000000177e-03 1.824751773461831483e+00
2.396230000000000061e-03 1.589127586283398008e+00
2.409539999999999946e-03 1.375955190141731288e+00
2.422860000000000204e-03 1.184041922674421876e+00
2.436170000000000089e-03 1.012580192445825089e+00
2.449479999999999973e-03 8.601708884253634890e-01
2.462789999999999858e-03 7.255432929439633583e-01
2.476100000000000176e-03 6.073365131610291012e-01
2.489420000000000001e-03 5.041250155333244498e-01
2.502729999999999885e-03 4.146972806575115467e-01
2.516040000000000203e-03 3.376466888376756237e-01
2.529350000000000088e-03 2.716897287695032026e-01
2.542669999999999913e-03 2.155397424849001542e-01
2.555979999999999797e-03 1.681428771990830240e-01
2.569290000000000115e-03 1.283516486081764385e-01
2.582600000000000000e-03 9.520083745916019247e-02
2.595919999999999825e-03 6.772768841476220492e-02
2.609230000000000143e-03 4.518764950347806814e-02
2.622540000000000027e-03 2.679041548919746177e-02
2.635849999999999912e-03 1.198011646416171500e-02
2.649170000000000171e-03 0.000000000000000000e+00
