1.331239999999999980e-05 9.994747071205966904e+02
2.662479999999999960e-05 9.974055711936809985e+02
3.993720000000000110e-05 9.958346515650410993e+02
5.324959999999999920e-05 9.943979548047919934e+02
6.656200000000000408e-05 9.929774760094854855e+02
7.987440000000000219e-05 9.915114061936810685e+02
9.318669999999999330e-05 9.899624365417295166e+02
1.064989999999999980e-04 9.882996077411958140e+02
1.198119999999999974e-04 9.865008173694551488e+02
1.331240000000000082e-04 9.845427298805524288e+02
1.464360000000000054e-04 9.824090639448833144e+02
1.597489999999999913e-04 9.800789302684761424e+02
1.730609999999999885e-04 9.775406277229930083e+02
1.863730000000000128e-04 9.747753093881564155e+02
1.996859999999999987e-04 9.717746019406534970e+02
2.129979999999999959e-04 9.685227170700435408e+02
2.263110000000000089e-04 9.650148935590286783e+02
2.396230000000000061e-04 9.612383669203998124e+02
2.529349999999999763e-04 9.571922989764043450e+02
2.662480000000000163e-04 9.528662733622629730e+02
2.795599999999999865e-04 9.482635822767390437e+02
2.928730000000000265e-04 9.433763977947969579e+02
3.061849999999999967e-04 9.382104589231981890e+02
3.194970000000000210e-04 9.327606722500792102e+02
3.328100000000000069e-04 9.270329156426856798e+02
3.461219999999999770e-04 9.210248403697564754e+02
3.594350000000000171e-04 9.147423100711954476e+02
3.727469999999999872e-04 9.081837274355912086e+02
3.860590000000000115e-04 9.013552914474943236e+02
3.993719999999999974e-04 8.942540985762477703e+02
4.126840000000000217e-04 8.868879191098168349e+02
4.259970000000000076e-04 8.792534033049034861e+02
4.393089999999999777e-04 8.713591219411102884e+02
4.526210000000000021e-04 8.632031166260552482e+02
4.659339999999999879e-04 8.547937806476527385e+02
4.792460000000000123e-04 8.461333458792016700e+02
4.925590000000000523e-04 8.372318188310129017e+02
5.058709999999999683e-04 8.280954405572410906e+02
5.191829999999999926e-04 8.187376963448576817e+02
5.324960000000000327e-04 8.091677092652996635e+02
5.458079999999999486e-04 7.994039926757192234e+02
5.591199999999999729e-04 7.894608584044070767e+02
5.724330000000000130e-04 7.793568163334065275e+02
5.857450000000000373e-04 7.691129110228237096e+02
5.990579999999999690e-04 7.587476792718811112e+02
6.123699999999999933e-04 7.482850779862095578e+02
6.256820000000000177e-04 7.377436787238237912e+02
6.389949999999999493e-04 7.271455986900938342e+02
6.523069999999999737e-04 7.165096415618926358e+02
6.656200000000000137e-04 7.058551333912026848e+02
6.789320000000000381e-04 6.951976263018279951e+02
6.922439999999999540e-04 6.845531954019586465e+02
7.055569999999999941e-04 6.739310085992210588e+02
7.188690000000000184e-04 6.633440862680548662e+02
7.321819999999999501e-04 6.527966043213602916e+02
7.454939999999999744e-04 6.422954230439493131e+02
7.588059999999999987e-04 6.318416440889435535e+02
7.721190000000000388e-04 6.214336569200714848e+02
7.854309999999999547e-04 6.110717246055907026e+02
7.987439999999999948e-04 6.007480742844827546e+02
8.120560000000000191e-04 5.904607020095328380e+02
8.253680000000000435e-04 5.801985965249097035e+02
8.386809999999999751e-04 5.699563684992398294e+02
8.519929999999999995e-04 5.597232241440804046e+02
8.653050000000000238e-04 5.494939957176721919e+02
8.786179999999999555e-04 5.392557592921917831e+02
8.919299999999999798e-04 5.290071625283528647e+02
9.052430000000000199e-04 5.187370844031446495e+02
9.185550000000000442e-04 5.084467410882864442e+02
9.318669999999999601e-04 4.981303950327173879e+02
9.451800000000000002e-04 4.877900901316633053e+02
9.584920000000000245e-04 4.774283862089241666e+02
9.718049999999999562e-04 4.670497093318855946e+02
9.851169999999999805e-04 4.566627708575470592e+02
9.984289999999998964e-04 4.462753465409537625e+02
1.011739999999999905e-03 4.359005090792176134e+02
1.025050000000000006e-03 4.255483647090662771e+02
1.038370000000000048e-03 4.152258973269821354e+02
1.051679999999999933e-03 4.049590700462011341e+02
1.064990000000000034e-03 3.947563130145477430e+02
1.078299999999999918e-03 3.846270744846058278e+02
1.091619999999999960e-03 3.745780687279224139e+02
1.104930000000000061e-03 3.646337450774088893e+02
1.118239999999999946e-03 3.548000513819066555e+02
1.131550000000000047e-03 3.450774632553271317e+02
1.144870000000000089e-03 3.354708588980999480e+02
1.158179999999999973e-03 3.259967882302896669e+02
1.171490000000000075e-03 3.166547577130785385e+02
1.184799999999999959e-03 3.074449365451547465e+02
1.198120000000000001e-03 2.983652750199918842e+02
1.211430000000000102e-03 2.894287842359668161e+02
1.224739999999999987e-03 2.806324157200704121e+02
1.238050000000000088e-03 2.719753905491652404e+02
1.251359999999999972e-03 2.634618668508256860e+02
1.264680000000000014e-03 2.550852033627066362e+02
1.277989999999999899e-03 2.468633827984287166e+02
1.291300000000000000e-03 2.387903801778107891e+02
1.304610000000000101e-03 2.308732399894770708e+02
1.317929999999999926e-03 2.231071084456829112e+02
1.331240000000000027e-03 2.155121262251926169e+02
1.344549999999999912e-03 2.080838300906290215e+02
1.357860000000000013e-03 2.008314174722538610e+02
1.371180000000000055e-03 1.937509849783504592e+02
1.384489999999999939e-03 1.868620532168873183e+02
1.397800000000000041e-03 1.801602068543904522e+02
1.411109999999999925e-03 1.736528746280449127e+02
1.424429999999999967e-03 1.673352447912741070e+02
1.437740000000000068e-03 1.612217255255790747e+02
1.451049999999999953e-03 1.553061494998037801e+02
1.464360000000000054e-03 1.495901943571140009e+02
1.477680000000000096e-03 1.440667403370767659e+02
1.490989999999999980e-03 1.387422217212782414e+02
1.504300000000000082e-03 1.336079811052794355e+02
1.517609999999999966e-03 1.286588014102035800e+02
1.530930000000000008e-03 1.238852625407684798e+02
1.544239999999999892e-03 1.192865360481596326e+02
1.557549999999999994e-03 1.148522583561260006e+02
1.570860000000000095e-03 1.105725145838841001e+02
1.584169999999999979e-03 1.064400072087052109e+02
1.597490000000000021e-03 1.024409314322787736e+02
1.610799999999999906e-03 9.857387956476426893e+01
1.624110000000000007e-03 9.482509553103393785e+01
1.637420000000000108e-03 9.118747793217552555e+01
1.650739999999999933e-03 8.764845299688938951e+01
1.664050000000000034e-03 8.420688666473441231e+01
1.677359999999999919e-03 8.085165220483092696e+01
1.690670000000000020e-03 7.757723436178669374e+01
1.703990000000000062e-03 7.437466645504848373e+01
1.717299999999999946e-03 7.124436673725142555e+01
1.730610000000000048e-03 6.817956201412512485e+01
1.743919999999999932e-03 6.517708982508098359e+01
1.757239999999999974e-03 6.223271822276765874e+01
1.770550000000000075e-03 5.934894603789118861e+01
1.783859999999999960e-03 5.652381909231631596e+01
1.797170000000000061e-03 5.375658114294307666e+01
1.810490000000000103e-03 5.104750777994559741e+01
1.823799999999999987e-03 4.840088412761862458e+01
1.837110000000000088e-03 4.581857327875001573e+01
1.850419999999999973e-03 4.330151202839537916e+01
1.863730000000000074e-03 4.085457754826280308e+01
1.877049999999999899e-03 3.847734770684414940e+01
1.890360000000000000e-03 3.617854239279015616e+01
1.903670000000000102e-03 3.395781831892958991e+01
1.916979999999999986e-03 3.181995498032982894e+01
1.930300000000000028e-03 2.976457137567355105e+01
1.943609999999999912e-03 2.779859721763525116e+01
1.956920000000000014e-03 2.592111958251436121e+01
1.970229999999999898e-03 2.413462712915743680e+01
1.983550000000000157e-03 2.243772537844786541e+01
1.996860000000000041e-03 2.083389121993798554e+01
2.010169999999999926e-03 1.932089624225313784e+01
2.023479999999999810e-03 1.789806401000934954e+01
2.036800000000000069e-03 1.656259100575280740e+01
2.050109999999999953e-03 1.531433809308624205e+01
2.063419999999999838e-03 1.414976441414674824e+01
2.076730000000000156e-03 1.306552661217173927e+01
2.090049999999999981e-03 1.205772496947052019e+01
2.103359999999999865e-03 1.112367810205666885e+01
2.116670000000000183e-03 1.025909973298931988e+01
2.129980000000000068e-03 9.459303862317124612e+00
2.143299999999999893e-03 8.720016218729881530e+00
2.156610000000000211e-03 8.037520793445571243e+00
2.169920000000000095e-03 7.407582441687664776e+00
2.183229999999999980e-03 6.825521899831382910e+00
2.196539999999999864e-03 6.287850329180365350e+00
2.209860000000000123e-03 5.789929678138131308e+00
2.223170000000000007e-03 5.329321451881263272e+00
2.236479999999999892e-03 4.901980713154804548e+00
2.249790000000000210e-03 4.505126894079132249e+00
2.263110000000000035e-03 4.135478757597057076e+00
2.276419999999999919e-03 3.791277453185414537e+00
2.289729999999999804e-03 3.469934978388760083e+00
2.303040000000000122e-03 3.169619141654053784e+00
2.316359999999999947e-03 2.888443570426113549e+00
2.329669999999999831e-03 2.625451355587459457e+00
2.342980000000000149e-03 2.379297319188355520e+00
2.356290000000000034e-03 2.148984789534757134e+00
2.369609999999999859e-03 1.933613695401591448e+00
2.382920000000000177e-03 1.732798787805671425e+00
2.396230000000000061e-03 1.545890808011108897e+00
2.409539999999999946e-03 1.372360120795530491e+00
2.422860000000000204e-03 1.211709632765210598e+00
2.436170000000000089e-03 1.063729738502340760e+00
2.449479999999999973e-03 9.279351547913283760e-01
2.462789999999999858e-03 8.038757109236939202e-01
2.476100000000000176e-03 6.911300798470745299e-01
2.489420000000000001e-03 5.891297232958300212e-01
2.502729999999999885e-03 4.975224910131515466e-01
2.516040000000000203e-03 4.156840857830797487e-01
2.529350000000000088e-03 3.430335970578195504e-01
2.542669999999999913e-03 2.789199156537687796e-01
2.555979999999999797e-03 2.228108091362233645e-01
2.569290000000000115e-03 1.740252828507021787e-01
2.582600000000000000e-03 1.319225507032406042e-01
2.595919999999999825e-03 9.583804345583631090e-02
2.609230000000000143e-03 6.520878248443259806e-02
2.622540000000000027e-03 3.939939825553497726e-02
2.635849999999999912e-03 1.789676911843761375e-02
2.649170000000000171e-03 0.000000000000000000e+00
