1.331239999999999980e-05 1.032069894971044960e+03
2.662479999999999960e-05 1.025939164338987666e+03
3.993720000000000110e-05 1.021675161637711653e+03
5.324959999999999920e-05 1.018080141005654241e+03
6.656200000000000408e-05 1.014784654971045143e+03
7.987440000000000219e-05 1.011624819894543180e+03
9.318669999999999330e-05 1.008507240379241921e+03
1.064989999999999980e-04 1.005376473097267763e+03
1.198119999999999974e-04 1.002192136237371756e+03
1.331240000000000082e-04 9.989277406687690473e+02
1.464360000000000054e-04 9.955608657924258296e+02
1.597489999999999913e-04 9.920755175370508141e+02
1.730609999999999885e-04 9.884584824942066916e+02
1.863730000000000128e-04 9.846993809236175821e+02
1.996859999999999987e-04 9.807889114971002300e+02
2.129979999999999959e-04 9.767209466720557884e+02
2.263110000000000089e-04 9.724885538509041680e+02
2.396230000000000061e-04 9.680877515700905178e+02
2.529349999999999763e-04 9.635132031308145315e+02
2.662480000000000163e-04 9.587609287223771162e+02
2.795599999999999865e-04 9.538269194735171368e+02
2.928730000000000265e-04 9.487067240626633975e+02
3.061849999999999967e-04 9.433960108258120272e+02
3.194970000000000210e-04 9.378896741985387280e+02
3.328100000000000069e-04 9.321814681439559536e+02
3.461219999999999770e-04 9.262662968741053646e+02
3.594350000000000171e-04 9.201367570809185281e+02
3.727469999999999872e-04 9.137866076592413265e+02
3.860590000000000115e-04 9.072089089615402600e+02
3.993719999999999974e-04 9.003954976080540291e+02
4.126840000000000217e-04 8.933418602542427607e+02
4.259970000000000076e-04 8.860399301738154918e+02
4.393089999999999777e-04 8.784871874245601475e+02
4.526210000000000021e-04 8.706781134804302837e+02
4.659339999999999879e-04 8.626112391538212023e+02
4.792460000000000123e-04 8.542861623875207897e+02
4.925590000000000523e-04 8.457039649694035006e+02
5.058709999999999683e-04 8.368686563639724909e+02
5.191829999999999926e-04 8.277851542780198315e+02
5.324960000000000327e-04 8.184603821896283762e+02
5.458079999999999486e-04 8.089044305897044751e+02
5.591199999999999729e-04 7.991291027301314216e+02
5.724330000000000130e-04 7.891450870610703987e+02
5.857450000000000373e-04 7.789711477666699011e+02
5.990579999999999690e-04 7.686193155101390175e+02
6.123699999999999933e-04 7.581128130126115821e+02
6.256820000000000177e-04 7.474658368148169529e+02
6.389949999999999493e-04 7.367029390216864613e+02
6.523069999999999737e-04 7.258414303465370949e+02
6.656200000000000137e-04 7.149075690754057177e+02
6.789320000000000381e-04 7.039183861708296490e+02
6.922439999999999540e-04 6.929020061895408844e+02
7.055569999999999941e-04 6.818714711381298912e+02
7.188690000000000184e-04 6.708564607887018383e+02
7.321819999999999501e-04 6.598664237841220483e+02
7.454939999999999744e-04 6.489277964183287395e+02
7.588059999999999987e-04 6.380470285400391504e+02
7.721190000000000388e-04 6.272427635342980921e+02
7.854309999999999547e-04 6.165194268706625280e+02
7.987439999999999948e-04 6.058879897987640106e+02
8.120560000000000191e-04 5.953483014783640783e+02
8.253680000000000435e-04 5.849047426770781613e+02
8.386809999999999751e-04 5.745508394531085514e+02
8.519929999999999995e-04 5.642866117657256382e+02
8.653050000000000238e-04 5.541027401525457208e+02
8.786179999999999555e-04 5.439919039484167342e+02
8.919299999999999798e-04 5.339456768356166094e+02
9.052430000000000199e-04 5.239533543929532016e+02
9.185550000000000442e-04 5.140064742889370564e+02
9.318669999999999601e-04 5.040949493752367516e+02
9.451800000000000002e-04 4.942092399907255640e+02
9.584920000000000245e-04 4.843434310389380926e+02
9.718049999999999562e-04 4.744890823151785071e+02
9.851169999999999805e-04 4.646435433888432271e+02
9.984289999999998964e-04 4.548012152092500173e+02
1.011739999999999905e-03 4.449624026819708433e+02
1.025050000000000006e-03 4.351241964461101475e+02
1.038370000000000048e-03 4.252815506193109627e+02
1.051679999999999933e-03 4.154479912906860477e+02
1.064990000000000034e-03 4.056219224697077266e+02
1.078299999999999918e-03 3.958033558731356720e+02
1.091619999999999960e-03 3.859930692958881195e+02
1.104930000000000061e-03 3.762068051687485877e+02
1.118239999999999946e-03 3.664471623200685144e+02
1.131550000000000047e-03 3.567160264603818405e+02
1.144870000000000089e-03 3.470181894917656109e+02
1.158179999999999973e-03 3.373710017272013602e+02
1.171490000000000075e-03 3.277814494026503098e+02
1.184799999999999959e-03 3.182528620395739267e+02
1.198120000000000001e-03 3.087936305638308454e+02
1.211430000000000102e-03 2.994260411419399475e+02
1.224739999999999987e-03 2.901686150938172091e+02
1.238050000000000088e-03 2.810105570920413243e+02
1.251359999999999972e-03 2.719796637177337857e+02
1.264680000000000014e-03 2.630794456045404672e+02
1.277989999999999899e-03 2.543419614921893128e+02
1.291300000000000000e-03 2.457671253886544775e+02
1.304610000000000101e-03 2.373745171648454289e+02
1.317929999999999926e-03 2.291638410007936670e+02
1.331240000000000027e-03 2.211646510909311303e+02
1.344549999999999912e-03 2.133748284116643958e+02
1.357860000000000013e-03 2.058077811003677766e+02
1.371180000000000055e-03 1.984597621100706419e+02
1.384489999999999939e-03 1.913503352538101581e+02
1.397800000000000041e-03 1.844732073572724858e+02
1.411109999999999925e-03 1.778315587658205459e+02
1.424429999999999967e-03 1.714173156800562197e+02
1.437740000000000068e-03 1.652380903300190198e+02
1.451049999999999953e-03 1.592836230012455587e+02
1.464360000000000054e-03 1.535474008245471396e+02
1.477680000000000096e-03 1.480181789697490160e+02
1.490989999999999980e-03 1.426944142934347042e+02
1.504300000000000082e-03 1.375638558565877645e+02
1.517609999999999966e-03 1.326147529452559581e+02
1.530930000000000008e-03 1.278351224103629704e+02
1.544239999999999892e-03 1.232199016583337681e+02
1.557549999999999994e-03 1.187574791538511363e+02
1.570860000000000095e-03 1.144364023239143364e+02
1.584169999999999979e-03 1.102494823715137358e+02
1.597490000000000021e-03 1.061839437156130259e+02
1.610799999999999906e-03 1.022397895216527530e+02
1.624110000000000007e-03 9.840634015246695299e+01
1.637420000000000108e-03 9.467863201786919092e+01
1.650739999999999933e-03 9.104829573612653348e+01
1.664050000000000034e-03 8.751679078165527415e+01
1.677359999999999919e-03 8.407722156248355816e+01
1.690670000000000020e-03 8.072630925080001418e+01
1.703990000000000062e-03 7.745829575447409354e+01
1.717299999999999946e-03 7.427521575642961693e+01
1.730610000000000048e-03 7.117172730742072417e+01
1.743919999999999932e-03 6.814516059850448926e+01
1.757239999999999974e-03 6.519068473881098669e+01
1.770550000000000075e-03 6.231025836781212490e+01
1.783859999999999960e-03 5.949955485636385077e+01
1.797170000000000061e-03 5.675643011501090029e+01
1.810490000000000103e-03 5.407773328769413013e+01
1.823799999999999987e-03 5.146591526668631644e+01
1.837110000000000088e-03 4.891924702182161155e+01
1.850419999999999973e-03 4.643692542932348033e+01
1.863730000000000074e-03 4.402088470179857183e+01
1.877049999999999899e-03 4.166941414879178041e+01
1.890360000000000000e-03 3.938941826541226732e+01
1.903670000000000102e-03 3.717991292232729705e+01
1.916979999999999986e-03 3.504511303649935172e+01
1.930300000000000028e-03 3.298464355300374251e+01
1.943609999999999912e-03 3.100581675379171287e+01
1.956920000000000014e-03 2.910818962063478210e+01
1.970229999999999898e-03 2.729512701542430264e+01
1.983550000000000157e-03 2.556588993316024983e+01
1.996860000000000041e-03 2.392489409406792689e+01
2.010169999999999926e-03 2.237054465336749587e+01
2.023479999999999810e-03 2.090278691185152837e+01
2.036800000000000069e-03 1.951925299945134284e+01
2.050109999999999953e-03 1.822013824535792281e+01
2.063419999999999838e-03 1.700209954630653542e+01
2.076730000000000156e-03 1.586177904854308807e+01
2.090049999999999981e-03 1.479529094110328025e+01
2.103359999999999865e-03 1.379990287318241293e+01
2.116670000000000183e-03 1.287127162174034112e+01
2.129980000000000068e-03 1.200462876851162264e+01
2.143299999999999893e-03 1.119566937523995520e+01
2.156610000000000211e-03 1.044085754632502017e+01
2.169920000000000095e-03 9.736024994167831181e+00
2.183229999999999980e-03 9.076766050629590410e+00
2.196539999999999864e-03 8.459827677164591719e+00
2.209860000000000123e-03 7.880933407351811582e+00
2.223170000000000007e-03 7.338092620712330927e+00
2.236479999999999892e-03 6.827673766670081079e+00
2.249790000000000210e-03 6.347251562202020914e+00
2.263110000000000035e-03 5.893906410714420119e+00
2.276419999999999919e-03 5.466320552047828407e+00
2.289729999999999804e-03 5.062139601233003994e+00
2.303040000000000122e-03 4.679754328983771750e+00
2.316359999999999947e-03 4.317361928728041143e+00
2.329669999999999831e-03 3.974241306252388028e+00
2.342980000000000149e-03 3.649009122586041265e+00
2.356290000000000034e-03 3.340697144521553419e+00
2.369609999999999859e-03 3.048327338367716077e+00
2.382920000000000177e-03 2.771627237727287696e+00
2.396230000000000061e-03 2.509913676283027417e+00
2.409539999999999946e-03 2.262689006805534753e+00
2.422860000000000204e-03 2.029535040240889376e+00
2.436170000000000089e-03 1.810465746208524962e+00
2.449479999999999973e-03 1.605200709670959958e+00
2.462789999999999858e-03 1.413500998594097169e+00
2.476100000000000176e-03 1.235295778439473580e+00
2.489420000000000001e-03 1.070250332689083539e+00
2.502729999999999885e-03 9.184733437493665109e-01
2.516040000000000203e-03 7.795889659927518478e-01
2.529350000000000088e-03 6.533177645689091095e-01
2.542669999999999913e-03 5.392123190794341214e-01
2.555979999999999797e-03 4.369898412619070971e-01
2.569290000000000115e-03 3.460648636788963284e-01
2.582600000000000000e-03 2.658165821006629459e-01
2.595919999999999825e-03 1.955528916108865700e-01
2.609230000000000143e-03 1.346353684682191632e-01
2.622540000000000027e-03 8.227279422888619798e-02
2.635849999999999912e-03 3.773062547362431018e-02
2.649170000000000171e-03 0.000000000000000000e+00
