1.331239999999999980e-05 7.526755614964561119e+02
2.662479999999999960e-05 7.521952085554565883e+02
3.993720000000000110e-05 7.518376796075671109e+02
5.324959999999999920e-05 7.515159484999011283e+02
6.656200000000000408e-05 7.512036883853448899e+02
7.987440000000000219e-05 7.508861414443456397e+02
9.318669999999999330e-05 7.505560439678723696e+02
1.064989999999999980e-04 7.502059797509467671e+02
1.198119999999999974e-04 7.498318701570259464e+02
1.331240000000000082e-04 7.494278812196128001e+02
1.464360000000000054e-04 7.489905195422785482e+02
1.597489999999999913e-04 7.485139747258558600e+02
1.730609999999999885e-04 7.479946629960452356e+02
1.863730000000000128e-04 7.474262755562743905e+02
1.996859999999999987e-04 7.468046063558383594e+02
2.129979999999999959e-04 7.461226613704764077e+02
2.263110000000000089e-04 7.453755747088119961e+02
2.396230000000000061e-04 7.445553886040632960e+02
2.529349999999999763e-04 7.436567559960399194e+02
2.662480000000000163e-04 7.426705267854401882e+02
2.795599999999999865e-04 7.415912353095080789e+02
2.928730000000000265e-04 7.404087366152951972e+02
3.061849999999999967e-04 7.391175279255268151e+02
3.194970000000000210e-04 7.377068499783262041e+02
3.328100000000000069e-04 7.361710631942066811e+02
3.461219999999999770e-04 7.344992804709884240e+02
3.594350000000000171e-04 7.326859842817087838e+02
3.727469999999999872e-04 7.307200437418043748e+02
3.860590000000000115e-04 7.285962913154598937e+02
3.993719999999999974e-04 7.263028320917006795e+02
4.126840000000000217e-04 7.238351125712797511e+02
4.259970000000000076e-04 7.211804993073653804e+02
4.393089999999999777e-04 7.183344713340698036e+02
4.526210000000000021e-04 7.152838066678758651e+02
4.659339999999999879e-04 7.120233148787145865e+02
4.792460000000000123e-04 7.085396623372721479e+02
4.925590000000000523e-04 7.048276434278677698e+02
5.058709999999999683e-04 7.008737283894735128e+02
5.191829999999999926e-04 6.966739272005693238e+02
5.324960000000000327e-04 6.922146084545519216e+02
5.458079999999999486e-04 6.874948981411976092e+02
5.591199999999999729e-04 6.825036532433983893e+02
5.724330000000000130e-04 6.772422108797112514e+02
5.857450000000000373e-04 6.717051291548331164e+02
5.990579999999999690e-04 6.658974002525370679e+02
6.123699999999999933e-04 6.598200142865656517e+02
6.256820000000000177e-04 6.534827157073689250e+02
6.389949999999999493e-04 6.468923012037796525e+02
6.523069999999999737e-04 6.400638750134697830e+02
6.656200000000000137e-04 6.330105238737414766e+02
6.789320000000000381e-04 6.257502492497271760e+02
6.922439999999999540e-04 6.183019507598226028e+02
7.055569999999999941e-04 6.106832150531100751e+02
7.188690000000000184e-04 6.029177592972124557e+02
7.321819999999999501e-04 5.950220417388196665e+02
7.454939999999999744e-04 5.870202996956537618e+02
7.588059999999999987e-04 5.789275345102444135e+02
7.721190000000000388e-04 5.707640595688981193e+02
7.854309999999999547e-04 5.625435535856055367e+02
7.987439999999999948e-04 5.542813442312196912e+02
8.120560000000000191e-04 5.459872780732823685e+02
8.253680000000000435e-04 5.376713805561524850e+02
8.386809999999999751e-04 5.293375267034948592e+02
8.519929999999999995e-04 5.209910072543351589e+02
8.653050000000000238e-04 5.126319431254751180e+02
8.786179999999999555e-04 5.042574030460856989e+02
8.919299999999999798e-04 4.958664890902404068e+02
9.052430000000000199e-04 4.874506344474109483e+02
9.185550000000000442e-04 4.790073278964002839e+02
9.318669999999999601e-04 4.705258434602997113e+02
9.451800000000000002e-04 4.620016745731133483e+02
9.584920000000000245e-04 4.534259652930394964e+02
9.718049999999999562e-04 4.447949118081223219e+02
9.851169999999999805e-04 4.361024078610200263e+02
9.984289999999998964e-04 4.273477950562094634e+02
1.011739999999999905e-03 4.185293257206209319e+02
1.025050000000000006e-03 4.096501440863711991e+02
1.038370000000000048e-03 4.007068507803888338e+02
1.051679999999999933e-03 3.917194037281210512e+02
1.064990000000000034e-03 3.826915702394737764e+02
1.078299999999999918e-03 3.736328682221408712e+02
1.091619999999999960e-03 3.645530508816853512e+02
1.104930000000000061e-03 3.554774426112967376e+02
1.118239999999999946e-03 3.464201836795521672e+02
1.131550000000000047e-03 3.373934884115983550e+02
1.144870000000000089e-03 3.284122782025757488e+02
1.158179999999999973e-03 3.195073162629120134e+02
1.171490000000000075e-03 3.107026606998205693e+02
1.184799999999999959e-03 3.019896799164038725e+02
1.198120000000000001e-03 2.933935590346944764e+02
1.211430000000000102e-03 2.849379236315058961e+02
1.224739999999999987e-03 2.766327662513509722e+02
1.238050000000000088e-03 2.684828405888275142e+02
1.251359999999999972e-03 2.605006371829822456e+02
1.264680000000000014e-03 2.526822541128366311e+02
1.277989999999999899e-03 2.450457946377056828e+02
1.291300000000000000e-03 2.375843759075787887e+02
1.304610000000000101e-03 2.302986967862185850e+02
1.317929999999999926e-03 2.231800451894896753e+02
1.331240000000000027e-03 2.162353552265441294e+02
1.344549999999999912e-03 2.094543273202467901e+02
1.357860000000000013e-03 2.028304486276146577e+02
1.371180000000000055e-03 1.963532576780813201e+02
1.384489999999999939e-03 1.900250440885946830e+02
1.397800000000000041e-03 1.838354974668302759e+02
1.411109999999999925e-03 1.777778140902344717e+02
1.424429999999999967e-03 1.718429250919958235e+02
1.437740000000000068e-03 1.660347307517371007e+02
1.451049999999999953e-03 1.603452960487168468e+02
1.464360000000000054e-03 1.547719324197386186e+02
1.477680000000000096e-03 1.493083457793471496e+02
1.490989999999999980e-03 1.439623123657775352e+02
1.504300000000000082e-03 1.387286082632966782e+02
1.517609999999999966e-03 1.336085799799520260e+02
1.530930000000000008e-03 1.285981275769869683e+02
1.544239999999999892e-03 1.237070643436169632e+02
1.557549999999999994e-03 1.189316036955385272e+02
1.570860000000000095e-03 1.142741057885596661e+02
1.584169999999999979e-03 1.097344617277425698e+02
1.597490000000000021e-03 1.053110729580677969e+02
1.610799999999999906e-03 1.010100144068554471e+02
1.624110000000000007e-03 9.682861814362770758e+01
1.637420000000000108e-03 9.276570958377945431e+01
1.650739999999999933e-03 8.881781763781641814e+01
1.664050000000000034e-03 8.498911781897240303e+01
1.677359999999999919e-03 8.127523821403369197e+01
1.690670000000000020e-03 7.767397808748336274e+01
1.703990000000000062e-03 7.418083918157596202e+01
1.717299999999999946e-03 7.079865607383385395e+01
1.730610000000000048e-03 6.752289769313854606e+01
1.743919999999999932e-03 6.435117165793769800e+01
1.757239999999999974e-03 6.127959122497443190e+01
1.770550000000000075e-03 5.831055543338149505e+01
1.783859999999999960e-03 5.544071972124801562e+01
1.797170000000000061e-03 5.266813949018984431e+01
1.810490000000000103e-03 4.999035342293752393e+01
1.823799999999999987e-03 4.740971466383907540e+01
1.837110000000000088e-03 4.492429548577554499e+01
1.850419999999999973e-03 4.253265266165274028e+01
1.863730000000000074e-03 4.023517389663184218e+01
1.877049999999999899e-03 3.802892457465197396e+01
1.890360000000000000e-03 3.591757068617632598e+01
1.903670000000000102e-03 3.389821079674341320e+01
1.916979999999999986e-03 3.197080417489074478e+01
1.930300000000000028e-03 3.013254436884852439e+01
1.943609999999999912e-03 2.838539051501923538e+01
1.956920000000000014e-03 2.672617166596288740e+01
1.970229999999999898e-03 2.515304564186254055e+01
1.983550000000000157e-03 2.366256840548128082e+01
1.996860000000000041e-03 2.225394183503157919e+01
2.010169999999999926e-03 2.092314641560378874e+01
2.023479999999999810e-03 1.966604150493958514e+01
2.036800000000000069e-03 1.847830787317860413e+01
2.050109999999999953e-03 1.735677615792861772e+01
2.063419999999999838e-03 1.629680039465959140e+01
2.076730000000000156e-03 1.529309413662095984e+01
2.090049999999999981e-03 1.434111878020099518e+01
2.103359999999999865e-03 1.343725171028751397e+01
2.116670000000000183e-03 1.257721771379680575e+01
2.129980000000000068e-03 1.175670744667752210e+01
2.143299999999999893e-03 1.097212945604491097e+01
2.156610000000000211e-03 1.022148951409146989e+01
2.169920000000000095e-03 9.501985383256535300e+00
2.183229999999999980e-03 8.811735568163436838e+00
2.196539999999999864e-03 8.149387658622975650e+00
2.209860000000000123e-03 7.513823601294657983e+00
2.223170000000000007e-03 6.905439072857793903e+00
2.236479999999999892e-03 6.324046542843965391e+00
2.249790000000000210e-03 5.769691899927238410e+00
2.263110000000000035e-03 5.242768818070819847e+00
2.276419999999999919e-03 4.744417660113408708e+00
2.289729999999999804e-03 4.275070245035730743e+00
2.303040000000000122e-03 3.835063279507750167e+00
2.316359999999999947e-03 3.424552048903413137e+00
2.329669999999999831e-03 3.044204043646334235e+00
2.342980000000000149e-03 2.693581375487113849e+00
2.356290000000000034e-03 2.372277648635507497e+00
2.369609999999999859e-03 2.079283360335174802e+00
2.382920000000000177e-03 1.814129030710103230e+00
2.396230000000000061e-03 1.575257709126769212e+00
2.409539999999999946e-03 1.361329624507100045e+00
2.422860000000000204e-03 1.170510153827903022e+00
2.436170000000000089e-03 1.001467428258726144e+00
2.449479999999999973e-03 8.522523482720510968e-01
2.462789999999999858e-03 7.211460555613328216e-01
2.476100000000000176e-03 6.064136351405101655e-01
2.489420000000000001e-03 5.063290347690312387e-01
2.502729999999999885e-03 4.194994268993470499e-01
2.516040000000000203e-03 3.443789692346245213e-01
2.529350000000000088e-03 2.796701026037424209e-01
2.542669999999999913e-03 2.240837505106005045e-01
2.555979999999999797e-03 1.766487932145037465e-01
2.569290000000000115e-03 1.363022948087118380e-01
2.582600000000000000e-03 1.021986104911169202e-01
2.595919999999999825e-03 7.348981622308888018e-02
2.609230000000000143e-03 4.954160003068718010e-02
2.622540000000000027e-03 2.966795434577005133e-02
2.635849999999999912e-03 1.337764936112888908e-02
2.649170000000000171e-03 0.000000000000000000e+00
