1.331239999999999980e-05 1.090174619048966633e+03
2.662479999999999960e-05 1.080866002036882264e+03
3.993720000000000110e-05 1.074416619048966822e+03
5.324959999999999920e-05 1.068997277036882224e+03
6.656200000000000408e-05 1.064053999048966716e+03
7.987440000000000219e-05 1.059335399814660150e+03
9.318669999999999330e-05 1.054709613606422408e+03
1.064989999999999980e-04 1.050091449438943755e+03
1.198119999999999974e-04 1.045430531412558594e+03
1.331240000000000082e-04 1.040686578618336171e+03
1.464360000000000054e-04 1.035836543680500426e+03
1.597489999999999913e-04 1.030856589444274732e+03
1.730609999999999885e-04 1.025736927450885105e+03
1.863730000000000128e-04 1.020462102313535524e+03
1.996859999999999987e-04 1.015027265731772900e+03
2.129979999999999959e-04 1.009422742664006478e+03
2.263110000000000089e-04 1.003646361595228086e+03
2.396230000000000061e-04 9.976910613049976746e+02
2.529349999999999763e-04 9.915568159494466727e+02
2.662480000000000163e-04 9.852366732491699395e+02
2.795599999999999865e-04 9.787333228497775508e+02
2.928730000000000265e-04 9.720404744947079507e+02
3.061849999999999967e-04 9.651622992036035384e+02
3.194970000000000210e-04 9.580944534850111722e+02
3.328100000000000069e-04 9.508413858347918222e+02
3.461219999999999770e-04 9.434024889056726124e+02
3.594350000000000171e-04 9.357837650210146876e+02
3.727469999999999872e-04 9.279875266819981334e+02
3.860590000000000115e-04 9.200224278924162036e+02
3.993719999999999974e-04 9.118920618373684874e+02
4.126840000000000217e-04 9.036085048675987537e+02
4.259970000000000076e-04 8.951772414513096692e+02
4.393089999999999777e-04 8.866110205558171629e+02
4.526210000000000021e-04 8.779172336615524728e+02
4.659339999999999879e-04 8.691059455043855451e+02
4.792460000000000123e-04 8.601860765220864096e+02
4.925590000000000523e-04 8.511649035866116719e+02
5.058709999999999683e-04 8.420490538253480963e+02
5.191829999999999926e-04 8.328434728656741299e+02
5.324960000000000327e-04 8.235489913531534967e+02
5.458079999999999486e-04 8.141695020735917296e+02
5.591199999999999729e-04 8.047014799344957510e+02
5.724330000000000130e-04 7.951441895471417638e+02
5.857450000000000373e-04 7.854926160783302294e+02
5.990579999999999690e-04 7.757440468473773763e+02
6.123699999999999933e-04 7.658915477126214455e+02
6.256820000000000177e-04 7.559334828418678853e+02
6.389949999999999493e-04 7.458611515793230637e+02
6.523069999999999737e-04 7.356770304071109194e+02
6.656200000000000137e-04 7.253743908370466897e+02
6.789320000000000381e-04 7.149586198974865283e+02
6.922439999999999540e-04 7.044282570528490623e+02
7.055569999999999941e-04 6.937893799892035531e+02
7.188690000000000184e-04 6.830481066237367713e+02
7.321819999999999501e-04 6.722121837742104162e+02
7.454939999999999744e-04 6.612922942782313385e+02
7.588059999999999987e-04 6.502984060476750301e+02
7.721190000000000388e-04 6.392416602988214436e+02
7.854309999999999547e-04 6.281347041685702379e+02
7.987439999999999948e-04 6.169886184894128291e+02
8.120560000000000191e-04 6.058151909096342251e+02
8.253680000000000435e-04 5.946252804719146070e+02
8.386809999999999751e-04 5.834266288679333456e+02
8.519929999999999995e-04 5.722304814879353216e+02
8.653050000000000238e-04 5.610429691254233830e+02
8.786179999999999555e-04 5.498706849455539896e+02
8.919299999999999798e-04 5.387211239523566064e+02
9.052430000000000199e-04 5.275987188495606688e+02
9.185550000000000442e-04 5.165105778693093725e+02
9.318669999999999601e-04 5.054619555143382854e+02
9.451800000000000002e-04 4.944577842091595699e+02
9.584920000000000245e-04 4.835070634107010505e+02
9.718049999999999562e-04 4.726144921670576764e+02
9.851169999999999805e-04 4.617908979018308173e+02
9.984289999999998964e-04 4.510423039515078472e+02
1.011739999999999905e-03 4.403801634551586517e+02
1.025050000000000006e-03 4.298111721386068211e+02
1.038370000000000048e-03 4.193373739965914524e+02
1.051679999999999933e-03 4.089810993788327664e+02
1.064990000000000034e-03 3.987445287028021994e+02
1.078299999999999918e-03 3.886302941327395502e+02
1.091619999999999960e-03 3.786395841432599241e+02
1.104930000000000061e-03 3.687885642517318843e+02
1.118239999999999946e-03 3.590747127948038724e+02
1.131550000000000047e-03 3.494974758374038970e+02
1.144870000000000089e-03 3.400518755383821485e+02
1.158179999999999973e-03 3.307504233034684944e+02
1.171490000000000075e-03 3.215864247211676457e+02
1.184799999999999959e-03 3.125579191000675223e+02
1.198120000000000001e-03 3.036587939937584792e+02
1.211430000000000102e-03 2.949009638905170618e+02
1.224739999999999987e-03 2.862799288148186179e+02
1.238050000000000088e-03 2.777952761689712702e+02
1.251359999999999972e-03 2.694517193295670268e+02
1.264680000000000014e-03 2.612438557787542663e+02
1.277989999999999899e-03 2.531910465735257674e+02
1.291300000000000000e-03 2.452885993796516573e+02
1.304610000000000101e-03 2.375448166635002565e+02
1.317929999999999926e-03 2.299556044044050793e+02
1.331240000000000027e-03 2.225403022470922565e+02
1.344549999999999912e-03 2.152941081605939928e+02
1.357860000000000013e-03 2.082229989933665024e+02
1.371180000000000055e-03 2.013214368138402506e+02
1.384489999999999939e-03 1.946026493711772503e+02
1.397800000000000041e-03 1.880594880011948078e+02
1.411109999999999925e-03 1.816913148090273182e+02
1.424429999999999967e-03 1.754900089478400389e+02
1.437740000000000068e-03 1.694611438867825939e+02
1.451049999999999953e-03 1.635954536975786482e+02
1.464360000000000054e-03 1.578870711639562501e+02
1.477680000000000096e-03 1.523266606830834746e+02
1.490989999999999980e-03 1.469157932163877547e+02
1.504300000000000082e-03 1.416451379567018876e+02
1.517609999999999966e-03 1.365081684743436483e+02
1.530930000000000008e-03 1.314964982503302053e+02
1.544239999999999892e-03 1.266122009004591575e+02
1.557549999999999994e-03 1.218476954324525252e+02
1.570860000000000095e-03 1.171990670749508894e+02
1.584169999999999979e-03 1.126633920628569854e+02
1.597490000000000021e-03 1.082350883154021233e+02
1.610799999999999906e-03 1.039186715831331753e+02
1.624110000000000007e-03 9.970998708235379127e+01
1.637420000000000108e-03 9.560753785844049446e+01
1.650739999999999933e-03 9.160855921687424086e+01
1.664050000000000034e-03 8.771797795734677550e+01
1.677359999999999919e-03 8.393365349742973081e+01
1.690670000000000020e-03 8.025471325842576675e+01
1.703990000000000062e-03 7.667955207498188486e+01
1.717299999999999946e-03 7.321265647531531329e+01
1.730610000000000048e-03 6.985226260109055829e+01
1.743919999999999932e-03 6.659731933676894755e+01
1.757239999999999974e-03 6.344593205515214152e+01
1.770550000000000075e-03 6.040147171477260457e+01
1.783859999999999960e-03 5.746140962445102218e+01
1.797170000000000061e-03 5.462400622957925833e+01
1.810490000000000103e-03 5.188632483355175395e+01
1.823799999999999987e-03 4.925034217160845884e+01
1.837110000000000088e-03 4.671247329989713393e+01
1.850419999999999973e-03 4.427025239832212122e+01
1.863730000000000074e-03 4.192166364047288596e+01
1.877049999999999899e-03 3.966236310033930579e+01
1.890360000000000000e-03 3.749347237715411296e+01
1.903670000000000102e-03 3.541063198801831646e+01
1.916979999999999986e-03 3.341157358782687226e+01
1.930300000000000028e-03 3.149232371957180021e+01
1.943609999999999912e-03 2.965370134388024681e+01
1.956920000000000014e-03 2.789196535107372199e+01
1.970229999999999898e-03 2.620536563666457752e+01
1.983550000000000157e-03 2.459065215146186745e+01
1.996860000000000041e-03 2.304876805287827679e+01
2.010169999999999926e-03 2.157670706163029806e+01
2.023479999999999810e-03 2.017314886153748077e+01
2.036800000000000069e-03 1.883544245367061265e+01
2.050109999999999953e-03 1.756427258431717675e+01
2.063419999999999838e-03 1.635705223954673571e+01
2.076730000000000156e-03 1.521231824151633738e+01
2.090049999999999981e-03 1.412764064361673277e+01
2.103359999999999865e-03 1.310296856906448681e+01
2.116670000000000183e-03 1.213581502796638034e+01
2.129980000000000068e-03 1.122426962529840999e+01
2.143299999999999893e-03 1.036592029037208462e+01
2.156610000000000211e-03 9.559951913238885268e+00
2.169920000000000095e-03 8.803907249591402362e+00
2.183229999999999980e-03 8.095547325185400211e+00
2.196539999999999864e-03 7.433023194884793128e+00
2.209860000000000123e-03 6.813597226262640305e+00
2.223170000000000007e-03 6.236323228024282628e+00
2.236479999999999892e-03 5.698487005776790681e+00
2.249790000000000210e-03 5.198220699705836445e+00
2.263110000000000035e-03 4.732982292901387389e+00
2.276419999999999919e-03 4.301639423328481371e+00
2.289729999999999804e-03 3.901758029845648679e+00
2.303040000000000122e-03 3.531573106971320541e+00
2.316359999999999947e-03 3.188884949646946687e+00
2.329669999999999831e-03 2.872542818007232324e+00
2.342980000000000149e-03 2.580546138647041410e+00
2.356290000000000034e-03 2.311364450171401685e+00
2.369609999999999859e-03 2.063295696401356238e+00
2.382920000000000177e-03 1.835346951561413142e+00
2.396230000000000061e-03 1.626064853628351958e+00
2.409539999999999946e-03 1.434262465326077818e+00
2.422860000000000204e-03 1.258763247166897914e+00
2.436170000000000089e-03 1.098812159171919989e+00
2.449479999999999973e-03 9.534137189359856990e-01
2.462789999999999858e-03 8.216831732816969325e-01
2.476100000000000176e-03 7.028667815760680782e-01
2.489420000000000001e-03 5.960944309921046846e-01
2.502729999999999885e-03 5.008151308538434376e-01
2.516040000000000203e-03 4.162094742490801136e-01
2.529350000000000088e-03 3.415688039436897139e-01
2.542669999999999913e-03 2.761160022278978943e-01
2.555979999999999797e-03 2.192301064125285193e-01
2.569290000000000115e-03 1.701377024693602469e-01
2.582600000000000000e-03 1.281199667141298126e-01
2.595919999999999825e-03 9.243574697041229138e-02
2.609230000000000143e-03 6.245118843879768344e-02
2.622540000000000027e-03 3.746220437212979121e-02
2.635849999999999912e-03 1.690233694656630495e-02
2.649170000000000171e-03 0.000000000000000000e+00
