1.331239999999999980e-05 1.025246397791157733e+03
2.662479999999999960e-05 1.016764960267740321e+03
3.993720000000000110e-05 1.010952142235602196e+03
5.324959999999999920e-05 1.006115946378851504e+03
6.656200000000000408e-05 1.001746220013379912e+03
7.987440000000000219e-05 9.976133158232960341e+02
9.318669999999999330e-05 9.935971692320717921e+02
1.064989999999999980e-04 9.896218085380127150e+02
1.198119999999999974e-04 9.856413333691148182e+02
1.331240000000000082e-04 9.816206584500633880e+02
1.464360000000000054e-04 9.775374547402780081e+02
1.597489999999999913e-04 9.733706905869451020e+02
1.730609999999999885e-04 9.691081928399416938e+02
1.863730000000000128e-04 9.647350090753709537e+02
1.996859999999999987e-04 9.602416585512647771e+02
2.129979999999999959e-04 9.556164542142007576e+02
2.263110000000000089e-04 9.508508400279374655e+02
2.396230000000000061e-04 9.459336506450789557e+02
2.529349999999999763e-04 9.408573178472562404e+02
2.662480000000000163e-04 9.356095333370365097e+02
2.795599999999999865e-04 9.301850211138080340e+02
2.928730000000000265e-04 9.245714915767402999e+02
3.061849999999999967e-04 9.187658610779415085e+02
3.194970000000000210e-04 9.127579628390251401e+02
3.328100000000000069e-04 9.065467179208633297e+02
3.461219999999999770e-04 9.001267295148868470e+02
3.594350000000000171e-04 8.935005073625112573e+02
3.727469999999999872e-04 8.866675374401369254e+02
3.860590000000000115e-04 8.796351948763993960e+02
3.993719999999999974e-04 8.724070655727800840e+02
4.126840000000000217e-04 8.649959637163017305e+02
4.259970000000000076e-04 8.574102610715475521e+02
4.393089999999999777e-04 8.496653405796619154e+02
4.526210000000000021e-04 8.417741779783588072e+02
4.659339999999999879e-04 8.337512016935535257e+02
4.792460000000000123e-04 8.256131805907431271e+02
4.925590000000000523e-04 8.173726662742600411e+02
5.058709999999999683e-04 8.090459638761243468e+02
5.191829999999999926e-04 8.006434131132925813e+02
5.324960000000000327e-04 7.921765384918722930e+02
5.458079999999999486e-04 7.836538751218217840e+02
5.591199999999999729e-04 7.750822764682359320e+02
5.724330000000000130e-04 7.664644623829291277e+02
5.857450000000000373e-04 7.578039450214840826e+02
5.990579999999999690e-04 7.490993884870620150e+02
6.123699999999999933e-04 7.403495322029766612e+02
6.256820000000000177e-04 7.315513900914939995e+02
6.389949999999999493e-04 7.226982729687238134e+02
6.523069999999999737e-04 7.137882919489356937e+02
6.656200000000000137e-04 7.048125309975733899e+02
6.789320000000000381e-04 6.957696483473475837e+02
6.922439999999999540e-04 6.866518905853504293e+02
7.055569999999999941e-04 6.774573890811200272e+02
7.188690000000000184e-04 6.681827918672165652e+02
7.321819999999999501e-04 6.588276244096346090e+02
7.454939999999999744e-04 6.493920659624707241e+02
7.588059999999999987e-04 6.398785091843809596e+02
7.721190000000000388e-04 6.302889023753741640e+02
7.854309999999999547e-04 6.206297236454496442e+02
7.987439999999999948e-04 6.109056386463211084e+02
8.120560000000000191e-04 6.011244470477500954e+02
8.253680000000000435e-04 5.912940458491978006e+02
8.386809999999999751e-04 5.814205043261925994e+02
8.519929999999999995e-04 5.715151480894547831e+02
8.653050000000000238e-04 5.615837191910918591e+02
8.786179999999999555e-04 5.516351206808063807e+02
8.919299999999999798e-04 5.416763667166289906e+02
9.052430000000000199e-04 5.317141463839558355e+02
9.185550000000000442e-04 5.217541251284600321e+02
9.318669999999999601e-04 5.118014926463442862e+02
9.451800000000000002e-04 5.018581688046323848e+02
9.584920000000000245e-04 4.919290809365796235e+02
9.718049999999999562e-04 4.820140818766437860e+02
9.851169999999999805e-04 4.721159602679036311e+02
9.984289999999998964e-04 4.622344339802939430e+02
1.011739999999999905e-03 4.523702301106554842e+02
1.025050000000000006e-03 4.425235806636378015e+02
1.038370000000000048e-03 4.326863097792138433e+02
1.051679999999999933e-03 4.228739059827146320e+02
1.064990000000000034e-03 4.130800335626140622e+02
1.078299999999999918e-03 4.033064553602843603e+02
1.091619999999999960e-03 3.935492891529303279e+02
1.104930000000000061e-03 3.838263317353063826e+02
1.118239999999999946e-03 3.741365143597753899e+02
1.131550000000000047e-03 3.644843459985021923e+02
1.144870000000000089e-03 3.548718779071614904e+02
1.158179999999999973e-03 3.453191102057581361e+02
1.171490000000000075e-03 3.358302468084144152e+02
1.184799999999999959e-03 3.264110751433169639e+02
1.198120000000000001e-03 3.170661844378022352e+02
1.211430000000000102e-03 3.078179514201088978e+02
1.224739999999999987e-03 2.986760034274345230e+02
1.238050000000000088e-03 2.896345788201574578e+02
1.251359999999999972e-03 2.807103814756380871e+02
1.264680000000000014e-03 2.719019976485714096e+02
1.277989999999999899e-03 2.632316425314000412e+02
1.291300000000000000e-03 2.546948722747604563e+02
1.304610000000000101e-03 2.462995016017848116e+02
1.317929999999999926e-03 2.380407143761376574e+02
1.331240000000000027e-03 2.299370352435124971e+02
1.344549999999999912e-03 2.219828752024696712e+02
1.357860000000000013e-03 2.141833366819549838e+02
1.371180000000000055e-03 2.065329459076910723e+02
1.384489999999999939e-03 1.990479321580126850e+02
1.397800000000000041e-03 1.917227043922982261e+02
1.411109999999999925e-03 1.845621109891141884e+02
1.424429999999999967e-03 1.775611292708543090e+02
1.437740000000000068e-03 1.707352744216270821e+02
1.451049999999999953e-03 1.640795137001343278e+02
1.464360000000000054e-03 1.575987033721119417e+02
1.477680000000000096e-03 1.512881556539431926e+02
1.490989999999999980e-03 1.451614592963350105e+02
1.504300000000000082e-03 1.392134524112689178e+02
1.517609999999999966e-03 1.334468951168736339e+02
1.530930000000000008e-03 1.278564628603129165e+02
1.544239999999999892e-03 1.224514384685194841e+02
1.557549999999999994e-03 1.172256290770314422e+02
1.570860000000000095e-03 1.121778683989525547e+02
1.584169999999999979e-03 1.073052551469951936e+02
1.597490000000000021e-03 1.026012338732368789e+02
1.610799999999999906e-03 9.806908411255869851e+01
1.624110000000000007e-03 9.370079287957899794e+01
1.637420000000000108e-03 8.949193703018512736e+01
1.650739999999999933e-03 8.543403610863272490e+01
1.664050000000000034e-03 8.152839938870644687e+01
1.677359999999999919e-03 7.776615677421098383e+01
1.690670000000000020e-03 7.414244124290213733e+01
1.703990000000000062e-03 7.064891709048767154e+01
1.717299999999999946e-03 6.728611323338142824e+01
1.730610000000000048e-03 6.404619941599010247e+01
1.743919999999999932e-03 6.092479683583692207e+01
1.757239999999999974e-03 5.791518628877750530e+01
1.770550000000000075e-03 5.501795351991249561e+01
1.783859999999999960e-03 5.222725955230847461e+01
1.797170000000000061e-03 4.953965178181964291e+01
1.810490000000000103e-03 4.695049076563734758e+01
1.823799999999999987e-03 4.446067942967859210e+01
1.837110000000000088e-03 4.206639991393895883e+01
1.850419999999999973e-03 3.976508460652303256e+01
1.863730000000000074e-03 3.755551879651710578e+01
1.877049999999999899e-03 3.543394081121086714e+01
1.890360000000000000e-03 3.340276008196368451e+01
1.903670000000000102e-03 3.145854672098942117e+01
1.916979999999999986e-03 2.960075331117023723e+01
1.930300000000000028e-03 2.782639311186298414e+01
1.943609999999999912e-03 2.613757586339586680e+01
1.956920000000000014e-03 2.453135962434782513e+01
1.970229999999999898e-03 2.300689753250210146e+01
1.983550000000000157e-03 2.156137002195733032e+01
1.996860000000000041e-03 2.019555612623845420e+01
2.010169999999999926e-03 1.890637259211734644e+01
2.023479999999999810e-03 1.769168239677716059e+01
2.036800000000000069e-03 1.654826882496220009e+01
2.050109999999999953e-03 1.547489443734908221e+01
2.063419999999999838e-03 1.446798731650205383e+01
2.076730000000000156e-03 1.352387882615893666e+01
2.090049999999999981e-03 1.263886463247695602e+01
2.103359999999999865e-03 1.181015481458756433e+01
2.116670000000000183e-03 1.103388804164185721e+01
2.129980000000000068e-03 1.030581301038891695e+01
2.143299999999999893e-03 9.622227879264031003e+00
2.156610000000000211e-03 8.980123844285646584e+00
2.169920000000000095e-03 8.376025216106008031e+00
2.183229999999999980e-03 7.806375754830956915e+00
2.196539999999999864e-03 7.268580472110794943e+00
2.209860000000000123e-03 6.759364975991667635e+00
2.223170000000000007e-03 6.277354299742923693e+00
2.236479999999999892e-03 5.820003129426107868e+00
2.249790000000000210e-03 5.385658851907253464e+00
2.263110000000000035e-03 4.972527970412360609e+00
2.276419999999999919e-03 4.580040395225811523e+00
2.289729999999999804e-03 4.206981971538239939e+00
2.303040000000000122e-03 3.852554480634887923e+00
2.316359999999999947e-03 3.516032773805608969e+00
2.329669999999999831e-03 3.197421825756848968e+00
2.342980000000000149e-03 2.896279286206779879e+00
2.356290000000000034e-03 2.612296197376670737e+00
2.369609999999999859e-03 2.345212585881150780e+00
2.382920000000000177e-03 2.095205630386512752e+00
2.396230000000000061e-03 1.862021092793676225e+00
2.409539999999999946e-03 1.645423342753845386e+00
2.422860000000000204e-03 1.445106330831614327e+00
2.436170000000000089e-03 1.261047126859043299e+00
2.449479999999999973e-03 1.092777570068379722e+00
2.462789999999999858e-03 9.398320913824715905e-01
2.476100000000000176e-03 8.016994962289225590e-01
2.489420000000000001e-03 6.776672759588726613e-01
2.502729999999999885e-03 5.672217889136474955e-01
2.516040000000000203e-03 4.695138347444973714e-01
2.529350000000000088e-03 3.837027733525704143e-01
2.542669999999999913e-03 3.088686579212487349e-01
2.555979999999999797e-03 2.442106839963139042e-01
2.569290000000000115e-03 1.887600661039444128e-01
2.582600000000000000e-03 1.416007657578399470e-01
2.595919999999999825e-03 1.017970819266582339e-01
2.609230000000000143e-03 6.855370458521492516e-02
2.622540000000000027e-03 4.100018389167695704e-02
2.635849999999999912e-03 1.845714033680970548e-02
2.649170000000000171e-03 0.000000000000000000e+00
