1.331239999999999980e-05 1.140838277902935260e+03
2.662479999999999960e-05 1.129587466010698336e+03
3.993720000000000110e-05 1.121659777902935048e+03
5.324959999999999920e-05 1.114901491010698692e+03
6.656200000000000408e-05 1.108653911236268641e+03
7.987440000000000219e-05 1.102618921566254130e+03
9.318669999999999330e-05 1.096636404741768729e+03
1.064989999999999980e-04 1.090604377610405891e+03
1.198119999999999974e-04 1.084460853279440244e+03
1.331240000000000082e-04 1.078158046011734314e+03
1.464360000000000054e-04 1.071669063345432733e+03
1.597489999999999913e-04 1.064967415338125875e+03
1.730609999999999885e-04 1.058045503650106866e+03
1.863730000000000128e-04 1.050889680812766983e+03
1.996859999999999987e-04 1.043501710060410460e+03
2.129979999999999959e-04 1.035878673418924109e+03
2.263110000000000089e-04 1.028028766676049372e+03
2.396230000000000061e-04 1.019956231629280637e+03
2.529349999999999763e-04 1.011674321649569606e+03
2.662480000000000163e-04 1.003190725007386050e+03
2.795599999999999865e-04 9.945233505444691673e+02
2.928730000000000265e-04 9.856828770294175683e+02
3.061849999999999967e-04 9.766882787292730654e+02
3.194970000000000210e-04 9.675531568730938261e+02
3.328100000000000069e-04 9.582941974706360497e+02
3.461219999999999770e-04 9.489280557895446009e+02
3.594350000000000171e-04 9.394694346876275404e+02
3.727469999999999872e-04 9.299348397824567201e+02
3.860590000000000115e-04 9.203376071070687203e+02
3.993719999999999974e-04 9.106909377262945782e+02
4.126840000000000217e-04 9.010078857661069378e+02
4.259970000000000076e-04 8.912988605583527715e+02
4.393089999999999777e-04 8.815741816627069056e+02
4.526210000000000021e-04 8.718422102553709010e+02
4.659339999999999879e-04 8.621081853984475174e+02
4.792460000000000123e-04 8.523794539936130832e+02
4.925590000000000523e-04 8.426577283296110181e+02
5.058709999999999683e-04 8.329469569300208605e+02
5.191829999999999926e-04 8.232471666230925393e+02
5.324960000000000327e-04 8.135569594590389215e+02
5.458079999999999486e-04 8.038768239946050471e+02
5.591199999999999729e-04 7.942028348425182003e+02
5.724330000000000130e-04 7.845323376359004897e+02
5.857450000000000373e-04 7.748621617759476976e+02
5.990579999999999690e-04 7.651887792782666793e+02
6.123699999999999933e-04 7.555087024340671178e+02
6.256820000000000177e-04 7.458195559006787789e+02
6.389949999999999493e-04 7.361162407070955851e+02
6.523069999999999737e-04 7.263993101237520023e+02
6.656200000000000137e-04 7.166637965192513775e+02
6.789320000000000381e-04 7.069108576012630465e+02
6.922439999999999540e-04 6.971368797703173641e+02
7.055569999999999941e-04 6.873409340822827289e+02
7.188690000000000184e-04 6.775215103453782604e+02
7.321819999999999501e-04 6.676764786435707038e+02
7.454939999999999744e-04 6.578032884107357177e+02
7.588059999999999987e-04 6.478996150547014850e+02
7.721190000000000388e-04 6.379588970487669712e+02
7.854309999999999547e-04 6.279800567402356819e+02
7.987439999999999948e-04 6.179536494015583230e+02
8.120560000000000191e-04 6.078778446199906966e+02
8.253680000000000435e-04 5.977422492794828486e+02
8.386809999999999751e-04 5.875425868203752771e+02
8.519929999999999995e-04 5.772700936322104326e+02
8.653050000000000238e-04 5.669210900515071216e+02
8.786179999999999555e-04 5.564853759700737328e+02
8.919299999999999798e-04 5.459631243112222592e+02
9.052430000000000199e-04 5.353458992770598570e+02
9.185550000000000442e-04 5.246362386688340393e+02
9.318669999999999601e-04 5.138307356228028766e+02
9.451800000000000002e-04 5.029324234316954971e+02
9.584920000000000245e-04 4.919460072354057161e+02
9.718049999999999562e-04 4.808768196296036876e+02
9.851169999999999805e-04 4.697360519673850945e+02
9.984289999999998964e-04 4.585329301216816589e+02
1.011739999999999905e-03 4.472842798857334401e+02
1.025050000000000006e-03 4.360027249701933556e+02
1.038370000000000048e-03 4.247005958466081665e+02
1.051679999999999933e-03 4.134092680279772480e+02
1.064990000000000034e-03 4.021457339126414468e+02
1.078299999999999918e-03 3.909247227953632091e+02
1.091619999999999960e-03 3.797643140444696428e+02
1.104930000000000061e-03 3.686980993618657294e+02
1.118239999999999946e-03 3.577476617278497883e+02
1.131550000000000047e-03 3.469159469391025823e+02
1.144870000000000089e-03 3.362243803310807948e+02
1.158179999999999973e-03 3.256990496652721276e+02
1.171490000000000075e-03 3.153517953238164750e+02
1.184799999999999959e-03 3.051884044679225099e+02
1.198120000000000001e-03 2.952169054633150722e+02
1.211430000000000102e-03 2.854552749164191141e+02
1.224739999999999987e-03 2.759064999875062085e+02
1.238050000000000088e-03 2.665710873078791110e+02
1.251359999999999972e-03 2.574554315196601806e+02
1.264680000000000014e-03 2.485516011345781067e+02
1.277989999999999899e-03 2.398764422974180945e+02
1.291300000000000000e-03 2.314209224974796655e+02
1.304610000000000101e-03 2.231868222989387220e+02
1.317929999999999926e-03 2.151653332542679777e+02
1.331240000000000027e-03 2.073694497131766639e+02
1.344549999999999912e-03 1.997901690303657745e+02
1.357860000000000013e-03 1.924280329542229424e+02
1.371180000000000055e-03 1.852746213293223718e+02
1.384489999999999939e-03 1.783406600004875600e+02
1.397800000000000041e-03 1.716175209674968585e+02
1.411109999999999925e-03 1.651042420010489593e+02
1.424429999999999967e-03 1.587924493220518798e+02
1.437740000000000068e-03 1.526892458463894968e+02
1.451049999999999953e-03 1.467856964590106656e+02
1.464360000000000054e-03 1.410777670080231303e+02
1.477680000000000096e-03 1.355565612901586405e+02
1.490989999999999980e-03 1.302247343526180430e+02
1.504300000000000082e-03 1.250729470293687058e+02
1.517609999999999966e-03 1.200944018495488450e+02
1.530930000000000008e-03 1.152801004316092985e+02
1.544239999999999892e-03 1.106300112879374637e+02
1.557549999999999994e-03 1.061352824849933398e+02
1.570860000000000095e-03 1.017889236771848687e+02
1.584169999999999979e-03 9.758615287654846782e+01
1.597490000000000021e-03 9.351790889785080196e+01
1.610799999999999906e-03 8.958616016051637132e+01
1.624110000000000007e-03 8.578324360559716411e+01
1.637420000000000108e-03 8.210576439021386363e+01
1.650739999999999933e-03 7.854790958227906117e+01
1.664050000000000034e-03 7.511233776272162288e+01
1.677359999999999919e-03 7.179446554061533448e+01
1.690670000000000020e-03 6.859213518158581735e+01
1.703990000000000062e-03 6.550183237978457385e+01
1.717299999999999946e-03 6.252629578684948797e+01
1.730610000000000048e-03 5.966211587500843905e+01
1.743919999999999932e-03 5.690733312749924977e+01
1.757239999999999974e-03 5.425840512067962607e+01
1.770550000000000075e-03 5.171701312054000965e+01
1.783859999999999960e-03 4.927874341936946223e+01
1.797170000000000061e-03 4.694082402747876870e+01
1.810490000000000103e-03 4.469816290097708134e+01
1.823799999999999987e-03 4.255085828103304380e+01
1.837110000000000088e-03 4.049307392449027532e+01
1.850419999999999973e-03 3.852118995568340409e+01
1.863730000000000074e-03 3.663072634362033142e+01
1.877049999999999899e-03 3.481666057149762850e+01
1.890360000000000000e-03 3.307739189610006036e+01
1.903670000000000102e-03 3.140817082241199998e+01
1.916979999999999986e-03 2.980528191518509118e+01
1.930300000000000028e-03 2.826462914052888209e+01
1.943609999999999912e-03 2.678565043847099503e+01
1.956920000000000014e-03 2.536481283484809168e+01
1.970229999999999898e-03 2.400001472654340517e+01
1.983550000000000157e-03 2.268839038815594833e+01
1.996860000000000041e-03 2.143035062460858953e+01
2.010169999999999926e-03 2.022336782976711689e+01
2.023479999999999810e-03 1.906608893304241548e+01
2.036800000000000069e-03 1.795630399707428282e+01
2.050109999999999953e-03 1.689425932613584891e+01
2.063419999999999838e-03 1.587776792564327266e+01
2.076730000000000156e-03 1.490524392820190158e+01
2.090049999999999981e-03 1.397459446026137897e+01
2.103359999999999865e-03 1.308553195808358716e+01
2.116670000000000183e-03 1.223595954630233962e+01
2.129980000000000068e-03 1.142427493320508347e+01
2.143299999999999893e-03 1.064858255816076316e+01
2.156610000000000211e-03 9.908696531780691430e+00
2.169920000000000095e-03 9.202940217575893200e+00
2.183229999999999980e-03 8.530324051468632263e+00
2.196539999999999864e-03 7.890014899495630729e+00
2.209860000000000123e-03 7.280944830216605546e+00
2.223170000000000007e-03 6.703428991030992989e+00
2.236479999999999892e-03 6.156668226766115026e+00
2.249790000000000210e-03 5.640220965493935701e+00
2.263110000000000035e-03 5.153457681964360049e+00
2.276419999999999919e-03 4.696699776897806267e+00
2.289729999999999804e-03 4.269209960445002672e+00
2.303040000000000122e-03 3.870478193017917512e+00
2.316359999999999947e-03 3.499589399151396218e+00
2.329669999999999831e-03 3.156387978740282207e+00
2.342980000000000149e-03 2.839635751348492665e+00
2.356290000000000034e-03 2.548370162898809799e+00
2.369609999999999859e-03 2.281119220464579822e+00
2.382920000000000177e-03 2.037083521550669740e+00
2.396230000000000061e-03 1.814582488022357776e+00
2.409539999999999946e-03 1.612246538958092446e+00
2.422860000000000204e-03 1.428373829748296853e+00
2.436170000000000089e-03 1.261804532614400287e+00
2.449479999999999973e-03 1.110901007080998593e+00
2.462789999999999858e-03 9.742691468144709654e-01
2.476100000000000176e-03 8.505778148423545071e-01
2.489420000000000001e-03 7.384910210727090307e-01
2.502729999999999885e-03 6.370737952338563215e-01
2.516040000000000203e-03 5.451943499882444533e-01
2.529350000000000088e-03 4.619909498384932034e-01
2.542669999999999913e-03 3.865757278786171591e-01
2.555979999999999797e-03 3.184141493869470096e-01
2.569290000000000115e-03 2.568152799353949911e-01
2.582600000000000000e-03 2.012918897699697840e-01
2.595919999999999825e-03 1.513228781599241790e-01
2.609230000000000143e-03 1.065966458038744846e-01
2.622540000000000027e-03 6.669288710942057608e-02
2.635849999999999912e-03 3.130578602007421524e-02
2.649170000000000171e-03 0.000000000000000000e+00
