1.331239999999999980e-05 1.093532298646537129e+03
2.662479999999999960e-05 1.085084161538783746e+03
3.993720000000000110e-05 1.079145065313203531e+03
5.324959999999999920e-05 1.074092069872117008e+03
6.656200000000000408e-05 1.069430045313203664e+03
7.987440000000000219e-05 1.064933637094339474e+03
9.318669999999999330e-05 1.060482355499977530e+03
1.064989999999999980e-04 1.055998159494355377e+03
1.198119999999999974e-04 1.051433319680879777e+03
1.331240000000000082e-04 1.046749781838095259e+03
1.464360000000000054e-04 1.041924875493905574e+03
1.597489999999999913e-04 1.036935426788211089e+03
1.730609999999999885e-04 1.031771802649690244e+03
1.863730000000000128e-04 1.026419042555768783e+03
1.996859999999999987e-04 1.020873184164697932e+03
2.129979999999999959e-04 1.015125744235421621e+03
2.263110000000000089e-04 1.009176572780153833e+03
2.396230000000000061e-04 1.003020977916930065e+03
2.529349999999999763e-04 9.966620902283029864e+02
2.662480000000000163e-04 9.900965238615261796e+02
2.795599999999999865e-04 9.833308055392236611e+02
2.928730000000000265e-04 9.763629331099112960e+02
3.061849999999999967e-04 9.692006973918294079e+02
3.194970000000000210e-04 9.618439920786024686e+02
3.328100000000000069e-04 9.542995876573685337e+02
3.461219999999999770e-04 9.465701237638924113e+02
3.594350000000000171e-04 9.386618869127709104e+02
3.727469999999999872e-04 9.305783620638906086e+02
3.860590000000000115e-04 9.223264777596150452e+02
3.993719999999999974e-04 9.139084245756515656e+02
4.126840000000000217e-04 9.053332701217721024e+02
4.259970000000000076e-04 8.966032256992950806e+02
4.393089999999999777e-04 8.877278653535188369e+02
4.526210000000000021e-04 8.787109672507187952e+02
4.659339999999999879e-04 8.695608115211763334e+02
4.792460000000000123e-04 8.602845979972363466e+02
4.925590000000000523e-04 8.508905955226522337e+02
5.058709999999999683e-04 8.413876974761468546e+02
5.191829999999999926e-04 8.317853259522635199e+02
5.324960000000000327e-04 8.220916730983915386e+02
5.458079999999999486e-04 8.123184599590032349e+02
5.591199999999999729e-04 8.024746878306751796e+02
5.724330000000000130e-04 7.925692838166650063e+02
5.857450000000000373e-04 7.826133575253967365e+02
5.990579999999999690e-04 7.726137502966224702e+02
6.123699999999999933e-04 7.625803564642587844e+02
6.256820000000000177e-04 7.525188342297165036e+02
6.389949999999999493e-04 7.424345206958128074e+02
6.523069999999999737e-04 7.323331909595532352e+02
6.656200000000000137e-04 7.222163579488922096e+02
6.789320000000000381e-04 7.120876544492941775e+02
6.922439999999999540e-04 7.019461251442854746e+02
7.055569999999999941e-04 6.917912615304356905e+02
7.188690000000000184e-04 6.816214227399501624e+02
7.321819999999999501e-04 6.714339695161796726e+02
7.454939999999999744e-04 6.612249970036027662e+02
7.588059999999999987e-04 6.509918741091487391e+02
7.721190000000000388e-04 6.407270722345355125e+02
7.854309999999999547e-04 6.304302471039732154e+02
7.987439999999999948e-04 6.200928186104277984e+02
8.120560000000000191e-04 6.097151374877347507e+02
8.253680000000000435e-04 5.992903105516505775e+02
8.386809999999999751e-04 5.888176205188450467e+02
8.519929999999999995e-04 5.782946525317528312e+02
8.653050000000000238e-04 5.677223404502348103e+02
8.786179999999999555e-04 5.570990579818940205e+02
8.919299999999999798e-04 5.464301076239610211e+02
9.052430000000000199e-04 5.357167520257560227e+02
9.185550000000000442e-04 5.249663400264706752e+02
9.318669999999999601e-04 5.141848068079792711e+02
9.451800000000000002e-04 5.033788111287560696e+02
9.584920000000000245e-04 4.925603025088844902e+02
9.718049999999999562e-04 4.817363440198196258e+02
9.851169999999999805e-04 4.709217026204029821e+02
9.984289999999998964e-04 4.601248620824143813e+02
1.011739999999999905e-03 4.493615353405064639e+02
1.025050000000000006e-03 4.386410773908164629e+02
1.038370000000000048e-03 4.279702770299728058e+02
1.051679999999999933e-03 4.173741249900343746e+02
1.064990000000000034e-03 4.068598411948749458e+02
1.078299999999999918e-03 3.964352763980879786e+02
1.091619999999999960e-03 3.861060933459849025e+02
1.104930000000000061e-03 3.758972913535832276e+02
1.118239999999999946e-03 3.658170598978944668e+02
1.131550000000000047e-03 3.558614988596769990e+02
1.144870000000000089e-03 3.460394306959925643e+02
1.158179999999999973e-03 3.363698160537985586e+02
1.171490000000000075e-03 3.268538528623290631e+02
1.184799999999999959e-03 3.174929318508982874e+02
1.198120000000000001e-03 3.082866839300222637e+02
1.211430000000000102e-03 2.992488995750589424e+02
1.224739999999999987e-03 2.903763065493773752e+02
1.238050000000000088e-03 2.816674637253452147e+02
1.251359999999999972e-03 2.731235048703604775e+02
1.264680000000000014e-03 2.647356679580749983e+02
1.277989999999999899e-03 2.565157841456346546e+02
1.291300000000000000e-03 2.484544980475621117e+02
1.304610000000000101e-03 2.405501195086916084e+02
1.317929999999999926e-03 2.327937519794628258e+02
1.331240000000000027e-03 2.251954278072386728e+02
1.344549999999999912e-03 2.177465989885580768e+02
1.357860000000000013e-03 2.104465733397445888e+02
1.371180000000000055e-03 2.032879472858733152e+02
1.384489999999999939e-03 1.962821634880984902e+02
1.397800000000000041e-03 1.894225385196114360e+02
1.411109999999999925e-03 1.827111847143333989e+02
1.424429999999999967e-03 1.761425375260074304e+02
1.437740000000000068e-03 1.697296137570289716e+02
1.451049999999999953e-03 1.634672469644458204e+02
1.464360000000000054e-03 1.573590159383352045e+02
1.477680000000000096e-03 1.514003280935323232e+02
1.490989999999999980e-03 1.456034320984532542e+02
1.504300000000000082e-03 1.399634936393082114e+02
1.517609999999999966e-03 1.344829114616812831e+02
1.530930000000000008e-03 1.291568782402387399e+02
1.544239999999999892e-03 1.239944452950276030e+02
1.557549999999999994e-03 1.189901789169244779e+02
1.570860000000000095e-03 1.141436302057323360e+02
1.584169999999999979e-03 1.094527053825406142e+02
1.597490000000000021e-03 1.049121857488891436e+02
1.610799999999999906e-03 1.005261486390427734e+02
1.624110000000000007e-03 9.628831628647438379e+01
1.637420000000000108e-03 9.219546465972575788e+01
1.650739999999999933e-03 8.824105580862257625e+01
1.664050000000000034e-03 8.442750124503302800e+01
1.677359999999999919e-03 8.074790813206601570e+01
1.690670000000000020e-03 7.719860811283780322e+01
1.703990000000000062e-03 7.377300124551817362e+01
1.717299999999999946e-03 7.047251377858412980e+01
1.730610000000000048e-03 6.729055612410482468e+01
1.743919999999999932e-03 6.422342952958132400e+01
1.757239999999999974e-03 6.126490928612381026e+01
1.770550000000000075e-03 5.841578408745977669e+01
1.783859999999999960e-03 5.566986911894532852e+01
1.797170000000000061e-03 5.302355492493343547e+01
1.810490000000000103e-03 5.047103676851241261e+01
1.823799999999999987e-03 4.801261811625784759e+01
1.837110000000000088e-03 4.564272534369085577e+01
1.850419999999999973e-03 4.335796338507913106e+01
1.863730000000000074e-03 4.115506361925017842e+01
1.877049999999999899e-03 3.902933163021340590e+01
1.890360000000000000e-03 3.698118912305947248e+01
1.903670000000000102e-03 3.500634691326749959e+01
1.916979999999999986e-03 3.310268567384688509e+01
1.930300000000000028e-03 3.126659670330140273e+01
1.943609999999999912e-03 2.949939302703696953e+01
1.956920000000000014e-03 2.779793635156326559e+01
1.970229999999999898e-03 2.616140622786048198e+01
1.983550000000000157e-03 2.458725313978492721e+01
1.996860000000000041e-03 2.307748932077874571e+01
2.010169999999999926e-03 2.162989581433229347e+01
2.023479999999999810e-03 2.024436823778659544e+01
2.036800000000000069e-03 1.891905126515077029e+01
2.050109999999999953e-03 1.765585556168998238e+01
2.063419999999999838e-03 1.645299869009181393e+01
2.076730000000000156e-03 1.531020342291749081e+01
2.090049999999999981e-03 1.422578799143041373e+01
2.103359999999999865e-03 1.320073825670093015e+01
2.116670000000000183e-03 1.223321543110840359e+01
2.129980000000000068e-03 1.132208862362456259e+01
2.143299999999999893e-03 1.046544344279963035e+01
2.156610000000000211e-03 9.662908885510045565e+00
2.169920000000000095e-03 8.912307449262637959e+00
2.183229999999999980e-03 8.211489243778800073e+00
2.196539999999999864e-03 7.558651618223727553e+00
2.209860000000000123e-03 6.950839469084547417e+00
2.223170000000000007e-03 6.386923743459698599e+00
2.236479999999999892e-03 5.863760704385591715e+00
2.249790000000000210e-03 5.379176459595633730e+00
2.263110000000000035e-03 4.930112931195114179e+00
2.276419999999999919e-03 4.515053498238699170e+00
2.289729999999999804e-03 4.131077382861621849e+00
2.303040000000000122e-03 3.776085431109726720e+00
2.316359999999999947e-03 3.447494422165233274e+00
2.329669999999999831e-03 3.143877820043854854e+00
2.342980000000000149e-03 2.862977829660409590e+00
2.356290000000000034e-03 2.603103174820325716e+00
2.369609999999999859e-03 2.362392368294048417e+00
2.382920000000000177e-03 2.139758638907890642e+00
2.396230000000000061e-03 1.933649854476408469e+00
2.409539999999999946e-03 1.742842626629677705e+00
2.422860000000000204e-03 1.566083505359779249e+00
2.436170000000000089e-03 1.402607289351731623e+00
2.449479999999999973e-03 1.251361750919492977e+00
2.462789999999999858e-03 1.111468224422772266e+00
2.476100000000000176e-03 9.821605612847043032e-01
2.489420000000000001e-03 8.625977239165191213e-01
2.502729999999999885e-03 7.523114525054420687e-01
2.516040000000000203e-03 6.505725120588065069e-01
2.529350000000000088e-03 5.568363847956254720e-01
2.542669999999999913e-03 4.704947219718285667e-01
2.555979999999999797e-03 3.912251329585646475e-01
2.569290000000000115e-03 3.185091754952921739e-01
2.582600000000000000e-03 2.519717539479858215e-01
2.595919999999999825e-03 1.911895624840638797e-01
2.609230000000000143e-03 1.359354908167423326e-01
2.622540000000000027e-03 8.584653434684626216e-02
2.635849999999999912e-03 4.066199223820543551e-02
2.649170000000000171e-03 0.000000000000000000e+00
