1.331239999999999980e-05 3.794355911331320996e+00
2.662479999999999960e-05 3.794356147816875247e+00
3.993720000000000110e-05 3.794355911019632543e+00
5.324959999999999920e-05 3.794356147309494443e+00
6.656200000000000408e-05 3.794355910110352781e+00
7.987440000000000219e-05 3.794356145620760401e+00
9.318669999999999330e-05 3.794355906892506791e+00
1.064989999999999980e-04 3.794356139518064719e+00
1.198119999999999974e-04 3.794355895199494455e+00
1.331240000000000082e-04 3.794356117559698482e+00
1.464360000000000054e-04 3.794355853730833950e+00
1.597489999999999913e-04 3.794356041405182900e+00
1.730609999999999885e-04 3.794355713335286318e+00
1.863730000000000128e-04 3.794355790876146717e+00
1.996859999999999987e-04 3.794355264911807968e+00
2.129979999999999959e-04 3.794355015874292913e+00
2.263110000000000089e-04 3.794353917394781117e+00
2.396230000000000061e-04 3.794352749442585715e+00
2.529349999999999763e-04 3.794350134152975951e+00
2.662480000000000163e-04 3.794346595958211665e+00
2.795599999999999865e-04 3.794340265200926599e+00
2.928730000000000265e-04 3.794331110885219793e+00
3.061849999999999967e-04 3.794316381691856144e+00
3.194970000000000210e-04 3.794294991048154486e+00
3.328100000000000069e-04 3.794262782788107913e+00
3.461219999999999770e-04 3.794216899178971314e+00
3.594350000000000171e-04 3.794151242305058069e+00
3.727469999999999872e-04 3.794060350107465229e+00
3.860590000000000115e-04 3.793935864550520787e+00
3.993719999999999974e-04 3.793769024714541249e+00
4.126840000000000217e-04 3.793549409252659377e+00
4.259970000000000076e-04 3.793264865705324063e+00
4.393089999999999777e-04 3.792903734517856673e+00
4.526210000000000021e-04 3.792451338632104374e+00
4.659339999999999879e-04 3.791896083854343402e+00
4.792460000000000123e-04 3.791222629097616537e+00
4.925590000000000523e-04 3.790421031974148480e+00
5.058709999999999683e-04 3.789477435540887562e+00
5.191829999999999926e-04 3.788384837024874052e+00
5.324960000000000327e-04 3.787132475257619646e+00
5.458079999999999486e-04 3.785716997460352840e+00
5.591199999999999729e-04 3.784131927973483744e+00
5.724330000000000130e-04 3.782376934956220627e+00
5.857450000000000373e-04 3.780450464686623047e+00
5.990579999999999690e-04 3.778355217614726591e+00
6.123699999999999933e-04 3.776094508943148131e+00
6.256820000000000177e-04 3.773674531887407202e+00
6.389949999999999493e-04 3.771103612450964260e+00
6.523069999999999737e-04 3.768392079290477703e+00
6.656200000000000137e-04 3.765554260348525251e+00
6.789320000000000381e-04 3.762603362885074354e+00
6.922439999999999540e-04 3.759559279891290462e+00
7.055569999999999941e-04 3.756434902247762775e+00
7.188690000000000184e-04 3.753252171338929521e+00
7.321819999999999501e-04 3.750019985402581746e+00
7.454939999999999744e-04 3.746754494067340069e+00
7.588059999999999987e-04 3.743456828975553208e+00
7.721190000000000388e-04 3.740128719641583555e+00
7.854309999999999547e-04 3.736761707250638498e+00
7.987439999999999948e-04 3.733338864579061500e+00
8.120560000000000191e-04 3.729842431921108314e+00
8.253680000000000435e-04 3.726238742770700885e+00
8.386809999999999751e-04 3.722504357646281292e+00
8.519929999999999995e-04 3.718597142223778906e+00
8.653050000000000238e-04 3.714494621893663417e+00
8.786179999999999555e-04 3.710155046512876531e+00
8.919299999999999798e-04 3.705562429130308644e+00
9.052430000000000199e-04 3.700684055700642627e+00
9.185550000000000442e-04 3.695510599439697508e+00
9.318669999999999601e-04 3.690020108649358921e+00
9.451800000000000002e-04 3.684205447863869942e+00
9.584920000000000245e-04 3.678049190130707746e+00
9.718049999999999562e-04 3.671540964303866339e+00
9.851169999999999805e-04 3.664654324363015636e+00
9.984289999999998964e-04 3.657370685765465090e+00
1.011739999999999905e-03 3.649642395977647613e+00
1.025050000000000006e-03 3.641440368054148280e+00
1.038370000000000048e-03 3.632684396061458099e+00
1.051679999999999933e-03 3.623350922143141251e+00
1.064990000000000034e-03 3.613343194172113915e+00
1.078299999999999918e-03 3.602625815074139481e+00
1.091619999999999960e-03 3.591103457286278555e+00
1.104930000000000061e-03 3.578771306831147747e+00
1.118239999999999946e-03 3.565562558897058754e+00
1.131550000000000047e-03 3.551478655166343312e+00
1.144870000000000089e-03 3.536499626985508460e+00
1.158179999999999973e-03 3.520675800285393287e+00
1.171490000000000075e-03 3.504039296308750107e+00
1.184799999999999959e-03 3.486637921109274618e+00
1.198120000000000001e-03 3.468535543857596437e+00
1.211430000000000102e-03 3.449811851814986063e+00
1.224739999999999987e-03 3.430528608206162566e+00
1.238050000000000088e-03 3.410725095028583898e+00
1.251359999999999972e-03 3.390438031848449274e+00
1.264680000000000014e-03 3.369664381078747883e+00
1.277989999999999899e-03 3.348410750322972973e+00
1.291300000000000000e-03 3.326643801383547761e+00
1.304610000000000101e-03 3.304278849288446729e+00
1.317929999999999926e-03 3.281259187966802049e+00
1.331240000000000027e-03 3.257498495634508551e+00
1.344549999999999912e-03 3.232932562561849021e+00
1.357860000000000013e-03 3.207438907875693079e+00
1.371180000000000055e-03 3.180959916539401799e+00
1.384489999999999939e-03 3.153442897038985837e+00
1.397800000000000041e-03 3.124849765891550391e+00
1.411109999999999925e-03 3.095135968952281491e+00
1.424429999999999967e-03 3.064284328108161759e+00
1.437740000000000068e-03 3.032345685678080827e+00
1.451049999999999953e-03 2.999322300795967511e+00
1.464360000000000054e-03 2.965254900041663255e+00
1.477680000000000096e-03 2.930155076719560991e+00
1.490989999999999980e-03 2.894133073151263780e+00
1.504300000000000082e-03 2.857202422671783371e+00
1.517609999999999966e-03 2.819419914986657005e+00
1.530930000000000008e-03 2.780792541728989598e+00
1.544239999999999892e-03 2.741423939648888641e+00
1.557549999999999994e-03 2.701312934209649352e+00
1.570860000000000095e-03 2.660492178150972276e+00
1.584169999999999979e-03 2.618982486587591474e+00
1.597490000000000021e-03 2.576774827535180723e+00
1.610799999999999906e-03 2.533948754517291402e+00
1.624110000000000007e-03 2.490487473967363918e+00
1.637420000000000108e-03 2.446403778428492881e+00
1.650739999999999933e-03 2.401671983557029932e+00
1.664050000000000034e-03 2.356368359166785886e+00
1.677359999999999919e-03 2.310456329151282073e+00
1.690670000000000020e-03 2.263939964125911697e+00
1.703990000000000062e-03 2.216768501817341086e+00
1.717299999999999946e-03 2.169011476010973105e+00
1.730610000000000048e-03 2.120606495449129714e+00
1.743919999999999932e-03 2.071548725869268193e+00
1.757239999999999974e-03 2.021771189821009340e+00
1.770550000000000075e-03 1.971344625523536065e+00
1.783859999999999960e-03 1.920210415481977906e+00
1.797170000000000061e-03 1.868371812546753219e+00
1.810490000000000103e-03 1.815791592678396293e+00
1.823799999999999987e-03 1.762566492519961336e+00
1.837110000000000088e-03 1.708695396688687085e+00
1.850419999999999973e-03 1.654217278479175768e+00
1.863730000000000074e-03 1.599218661630467997e+00
1.877049999999999899e-03 1.543722584309939361e+00
1.890360000000000000e-03 1.487952657402801027e+00
1.903670000000000102e-03 1.431956262362448884e+00
1.916979999999999986e-03 1.375906024444573994e+00
1.930300000000000028e-03 1.319883032698750291e+00
1.943609999999999912e-03 1.264319579261911741e+00
1.956920000000000014e-03 1.209106152064946871e+00
1.970229999999999898e-03 1.154493074913636397e+00
1.983550000000000157e-03 1.100642326244220426e+00
1.996860000000000041e-03 1.047808412827150759e+00
2.010169999999999926e-03 9.960445315501522678e-01
2.023479999999999810e-03 9.454883103268076905e-01
2.036800000000000069e-03 8.961708159791490491e-01
2.050109999999999953e-03 8.482373922331893912e-01
2.063419999999999838e-03 8.016800307202760489e-01
2.076730000000000156e-03 7.565137398188516160e-01
2.090049999999999981e-03 7.127027940429699893e-01
2.103359999999999865e-03 6.702979013616181536e-01
2.116670000000000183e-03 6.292476392134258578e-01
2.129980000000000068e-03 5.895379419700882417e-01
2.143299999999999893e-03 5.511240070759189091e-01
2.156610000000000211e-03 5.140725659936249414e-01
2.169920000000000095e-03 4.783546362875558122e-01
2.183229999999999980e-03 4.440063931642654338e-01
2.196539999999999864e-03 4.110449796582993920e-01
2.209860000000000123e-03 3.794969658410125013e-01
2.223170000000000007e-03 3.494340525169913891e-01
2.236479999999999892e-03 3.208741290615125807e-01
2.249790000000000210e-03 2.938335209603153975e-01
2.263110000000000035e-03 2.683052472100978525e-01
2.276419999999999919e-03 2.443227433073724975e-01
2.289729999999999804e-03 2.218424565642868329e-01
2.303040000000000122e-03 2.008330806673974955e-01
2.316359999999999947e-03 1.812257167638105515e-01
2.329669999999999831e-03 1.629971792159198574e-01
2.342980000000000149e-03 1.460657010443459358e-01
2.356290000000000034e-03 1.303689038091942198e-01
2.369609999999999859e-03 1.158323894469490412e-01
2.382920000000000177e-03 1.024180587093503209e-01
2.396230000000000061e-03 9.006487946023167268e-02
2.409539999999999946e-03 7.872231956670869280e-02
2.422860000000000204e-03 6.834523618371331211e-02
2.436170000000000089e-03 5.890788781291672604e-02
2.449479999999999973e-03 5.037092814543823321e-02
2.462789999999999858e-03 4.269674701233148323e-02
2.476100000000000176e-03 3.585041662052149830e-02
2.489420000000000001e-03 2.978720248341586510e-02
2.502729999999999885e-03 2.447225536270891330e-02
2.516040000000000203e-03 1.985430567872343774e-02
2.529350000000000088e-03 1.588041731917591570e-02
2.542669999999999913e-03 1.249436535933171229e-02
2.555979999999999797e-03 9.643499151082802340e-03
2.569290000000000115e-03 7.268217420293128853e-03
2.582600000000000000e-03 5.311699000829932064e-03
2.595919999999999825e-03 3.716965864380475642e-03
2.609230000000000143e-03 2.435537553432346597e-03
2.622540000000000027e-03 1.416344839621134274e-03
2.635849999999999912e-03 6.215768654443764142e-04
2.649170000000000171e-03 0.000000000000000000e+00
