1.331239999999999980e-05 4.496253276186983499e+02
2.662479999999999960e-05 4.488578449701211071e+02
3.993720000000000110e-05 4.481807182853650033e+02
5.324959999999999920e-05 4.474861366367877622e+02
6.656200000000000408e-05 4.467384156186982977e+02
7.987440000000000219e-05 4.459189931923433505e+02
9.318669999999999330e-05 4.450211678742471122e+02
1.064989999999999980e-04 4.440382148178985062e+02
1.198119999999999974e-04 4.429692171175702242e+02
1.331240000000000082e-04 4.418108445141654101e+02
1.464360000000000054e-04 4.405644687657500640e+02
1.597489999999999913e-04 4.392281903125700069e+02
1.730609999999999885e-04 4.378029868742593749e+02
1.863730000000000128e-04 4.362863972273424906e+02
1.996859999999999987e-04 4.346755662598180265e+02
2.129979999999999959e-04 4.329649955011216775e+02
2.263110000000000089e-04 4.311503764207290601e+02
2.396230000000000061e-04 4.292245870162723804e+02
2.529349999999999763e-04 4.271875075293095847e+02
2.662480000000000163e-04 4.250354582910970862e+02
2.795599999999999865e-04 4.227740559496430137e+02
2.928730000000000265e-04 4.204050801756764031e+02
3.061849999999999967e-04 4.179348964277320420e+02
3.194970000000000210e-04 4.153663874704855061e+02
3.328100000000000069e-04 4.127031783948864359e+02
3.461219999999999770e-04 4.099463981044478942e+02
3.594350000000000171e-04 4.070982599450831572e+02
3.727469999999999872e-04 4.041587412472878214e+02
3.860590000000000115e-04 4.011297979449228137e+02
3.993719999999999974e-04 3.980103043320139591e+02
4.126840000000000217e-04 3.948036382481535611e+02
4.259970000000000076e-04 3.915094286172655416e+02
4.393089999999999777e-04 3.881332457097614679e+02
4.526210000000000021e-04 3.846779561436411541e+02
4.659339999999999879e-04 3.811484632292138599e+02
4.792460000000000123e-04 3.775487495164036886e+02
4.925590000000000523e-04 3.738807164344866010e+02
5.058709999999999683e-04 3.701446778939751425e+02
5.191829999999999926e-04 3.663408698154349850e+02
5.324960000000000327e-04 3.624662283648369794e+02
5.458079999999999486e-04 3.585225726853524293e+02
5.591199999999999729e-04 3.545079972633411671e+02
5.724330000000000130e-04 3.504255652238716152e+02
5.857450000000000373e-04 3.462776038136514103e+02
5.990579999999999690e-04 3.420682781544037425e+02
6.123699999999999933e-04 3.378022947653624328e+02
6.256820000000000177e-04 3.334831298933679022e+02
6.389949999999999493e-04 3.291130209846512003e+02
6.523069999999999737e-04 3.246940428932163059e+02
6.656200000000000137e-04 3.202243846075785996e+02
6.789320000000000381e-04 3.157061559104441812e+02
6.922439999999999540e-04 3.111384447836835534e+02
7.055569999999999941e-04 3.065256768378150696e+02
7.188690000000000184e-04 3.018741957140480281e+02
7.321819999999999501e-04 2.971904930990546632e+02
7.454939999999999744e-04 2.924851271889915552e+02
7.588059999999999987e-04 2.877638586569512995e+02
7.721190000000000388e-04 2.830341100465118416e+02
7.854309999999999547e-04 2.783006536077164697e+02
7.987439999999999948e-04 2.735673714236664296e+02
8.120560000000000191e-04 2.688370999030225335e+02
8.253680000000000435e-04 2.641110982260312880e+02
8.386809999999999751e-04 2.593882844208108054e+02
8.519929999999999995e-04 2.546655289351423335e+02
8.653050000000000238e-04 2.499397132561463479e+02
8.786179999999999555e-04 2.452032135559127539e+02
8.919299999999999798e-04 2.404556685561960307e+02
9.052430000000000199e-04 2.356934223428557971e+02
9.185550000000000442e-04 2.309205427776342674e+02
9.318669999999999601e-04 2.261428246295882047e+02
9.451800000000000002e-04 2.213664418873764248e+02
9.584920000000000245e-04 2.166036383170107342e+02
9.718049999999999562e-04 2.118596235618844901e+02
9.851169999999999805e-04 2.071441367320840072e+02
9.984289999999998964e-04 2.024599615863839688e+02
1.011739999999999905e-03 1.978107969066558667e+02
1.025050000000000006e-03 1.931979946031982820e+02
1.038370000000000048e-03 1.886188530471968079e+02
1.051679999999999933e-03 1.840817410165958847e+02
1.064990000000000034e-03 1.795857808898643668e+02
1.078299999999999918e-03 1.751333216700636797e+02
1.091619999999999960e-03 1.707255578109468104e+02
1.104930000000000061e-03 1.663717947010780733e+02
1.118239999999999946e-03 1.620732210502050634e+02
1.131550000000000047e-03 1.578303061366244435e+02
1.144870000000000089e-03 1.536413800269209275e+02
1.158179999999999973e-03 1.495112640937601327e+02
1.171490000000000075e-03 1.454339493856057857e+02
1.184799999999999959e-03 1.414071126939539340e+02
1.198120000000000001e-03 1.374246462208759851e+02
1.211430000000000102e-03 1.334914550070810151e+02
1.224739999999999987e-03 1.296054588408850350e+02
1.238050000000000088e-03 1.257675468581070675e+02
1.251359999999999972e-03 1.219824834188473091e+02
1.264680000000000014e-03 1.182491300428333432e+02
1.277989999999999899e-03 1.145779918670665580e+02
1.291300000000000000e-03 1.109671093300021738e+02
1.304610000000000101e-03 1.074185638367580680e+02
1.317929999999999926e-03 1.039294018791694754e+02
1.331240000000000027e-03 1.005049684691116028e+02
1.344549999999999912e-03 9.714211277557893709e+01
1.357860000000000013e-03 9.384205290159765411e+01
1.371180000000000055e-03 9.060271634817459585e+01
1.384489999999999939e-03 8.743266547541067268e+01
1.397800000000000041e-03 8.433070212072975380e+01
1.411109999999999925e-03 8.130174218482288495e+01
1.424429999999999967e-03 7.834466118350140107e+01
1.437740000000000068e-03 7.546711452819553756e+01
1.451049999999999953e-03 7.266653665061633660e+01
1.464360000000000054e-03 6.994185813685548680e+01
1.477680000000000096e-03 6.728900832987255853e+01
1.490989999999999980e-03 6.470806782604354623e+01
1.504300000000000082e-03 6.219460412651233128e+01
1.517609999999999966e-03 5.974639914682526154e+01
1.530930000000000008e-03 5.736042683542466136e+01
1.544239999999999892e-03 5.504104329691200093e+01
1.557549999999999994e-03 5.278624274325906640e+01
1.570860000000000095e-03 5.059705408822419059e+01
1.584169999999999979e-03 4.847312255004685255e+01
1.597490000000000021e-03 4.641270478809822464e+01
1.610799999999999906e-03 4.441805024879514008e+01
1.624110000000000007e-03 4.248706967334170059e+01
1.637420000000000108e-03 4.061876838116982924e+01
1.650739999999999933e-03 3.881105296467559640e+01
1.664050000000000034e-03 3.706536495154207955e+01
1.677359999999999919e-03 3.537850452425911385e+01
1.690670000000000020e-03 3.374869154860162723e+01
1.703990000000000062e-03 3.217220355524533204e+01
1.717299999999999946e-03 3.064960740715720178e+01
1.730610000000000048e-03 2.917848354138466860e+01
1.743919999999999932e-03 2.775773770943782992e+01
1.757239999999999974e-03 2.638667421179048489e+01
1.770550000000000075e-03 2.506676372718069956e+01
1.783859999999999960e-03 2.379683239102916659e+01
1.797170000000000061e-03 2.257594422938526435e+01
1.810490000000000103e-03 2.140197429035316645e+01
1.823799999999999987e-03 2.027534874169822743e+01
1.837110000000000088e-03 1.919434695873939489e+01
1.850419999999999973e-03 1.815784190379726937e+01
1.863730000000000074e-03 1.716556929540745102e+01
1.877049999999999899e-03 1.621584507556922006e+01
1.890360000000000000e-03 1.530900981533484995e+01
1.903670000000000102e-03 1.444298924922495431e+01
1.916979999999999986e-03 1.361578835296356615e+01
1.930300000000000028e-03 1.282515770428796742e+01
1.943609999999999912e-03 1.207076033179292551e+01
1.956920000000000014e-03 1.135073599922745657e+01
1.970229999999999898e-03 1.066471819545880706e+01
1.983550000000000157e-03 1.001156677508354953e+01
1.996860000000000041e-03 9.392299318819908649e+00
2.010169999999999926e-03 8.805943341851577344e+00
2.023479999999999810e-03 8.251703197999269435e+00
2.036800000000000069e-03 7.728210935247657787e+00
2.050109999999999953e-03 7.234117118533704094e+00
2.063419999999999838e-03 6.767354062451079066e+00
2.076730000000000156e-03 6.325137637941599777e+00
2.090049999999999981e-03 5.905216049980431592e+00
2.103359999999999865e-03 5.506086766550429168e+00
2.116670000000000183e-03 5.125974710043885274e+00
2.129980000000000068e-03 4.764015835905199836e+00
2.143299999999999893e-03 4.419271614820552863e+00
2.156610000000000211e-03 4.092037536556485833e+00
2.169920000000000095e-03 3.781770580533214243e+00
2.183229999999999980e-03 3.488171378046395432e+00
2.196539999999999864e-03 3.210922000259217146e+00
2.209860000000000123e-03 2.949451758909475529e+00
2.223170000000000007e-03 2.703783420124440173e+00
2.236479999999999892e-03 2.473289598750408658e+00
2.249790000000000210e-03 2.257550454954003083e+00
2.263110000000000035e-03 2.055814320859739475e+00
2.276419999999999919e-03 1.867848004759478542e+00
2.289729999999999804e-03 1.692846626893498740e+00
2.303040000000000122e-03 1.530232430728997839e+00
2.316359999999999947e-03 1.379241241441326871e+00
2.329669999999999831e-03 1.239520390723959364e+00
2.342980000000000149e-03 1.110297319246083214e+00
2.356290000000000034e-03 9.909855347697273942e-01
2.369609999999999859e-03 8.809746927516500792e-01
2.382920000000000177e-03 7.799408080708037927e-01
2.396230000000000061e-03 6.874866369610996841e-01
2.409539999999999946e-03 6.032747563065008478e-01
2.422860000000000204e-03 5.269263681608263861e-01
2.436170000000000089e-03 4.582083502196711011e-01
2.449479999999999973e-03 3.964756006968226942e-01
2.462789999999999858e-03 3.411678312279782799e-01
2.476100000000000176e-03 2.915544124156283501e-01
2.489420000000000001e-03 2.469314354618468155e-01
2.502729999999999885e-03 2.068802106399154073e-01
2.516040000000000203e-03 1.709061276998121437e-01
2.529350000000000088e-03 1.388457839915037684e-01
2.542669999999999913e-03 1.104937926430242523e-01
2.555979999999999797e-03 8.580064596441426550e-02
2.569290000000000115e-03 6.462895461827801447e-02
2.582600000000000000e-03 4.681334956830532357e-02
2.595919999999999825e-03 3.216494751372431932e-02
2.609230000000000143e-03 2.045890809138310729e-02
2.622540000000000027e-03 1.143592411656880851e-02
2.635849999999999912e-03 4.764029088700484811e-03
2.649170000000000171e-03 0.000000000000000000e+00
