1.331239999999999980e-05 2.841683426872099290e+02
2.662479999999999960e-05 2.808487736679828117e+02
3.993720000000000110e-05 2.788016760205431979e+02
5.324959999999999920e-05 2.772488695013161646e+02
6.656200000000000408e-05 2.759529293538765273e+02
7.987440000000000219e-05 2.748082092235383129e+02
9.318669999999999330e-05 2.737555642313349722e+02
1.064989999999999980e-04 2.727593653015781570e+02
1.198119999999999974e-04 2.717939440316956734e+02
1.331240000000000082e-04 2.708417239464094450e+02
1.464360000000000054e-04 2.698878821093126135e+02
1.597489999999999913e-04 2.689212401021819687e+02
1.730609999999999885e-04 2.679321290470522854e+02
1.863730000000000128e-04 2.669125144179333233e+02
1.996859999999999987e-04 2.658555442296649289e+02
2.129979999999999959e-04 2.647554864478263426e+02
2.263110000000000089e-04 2.636077522297322844e+02
2.396230000000000061e-04 2.624084494791833890e+02
2.529349999999999763e-04 2.611552098685314149e+02
2.662480000000000163e-04 2.598457296572286737e+02
2.795599999999999865e-04 2.584799005521885533e+02
2.928730000000000265e-04 2.570572449608457646e+02
3.061849999999999967e-04 2.555793980526136977e+02
3.194970000000000210e-04 2.540478548522868323e+02
3.328100000000000069e-04 2.524652354563074823e+02
3.461219999999999770e-04 2.508350087367493586e+02
3.594350000000000171e-04 2.491604094694467051e+02
3.727469999999999872e-04 2.474460667404509593e+02
3.860590000000000115e-04 2.456954630540132030e+02
3.993719999999999974e-04 2.439133072004337350e+02
4.126840000000000217e-04 2.421030208244732194e+02
4.259970000000000076e-04 2.402688937702373266e+02
4.393089999999999777e-04 2.384134379741106784e+02
4.526210000000000021e-04 2.365401299713087440e+02
4.659339999999999879e-04 2.346498702408119357e+02
4.792460000000000123e-04 2.327451509727366386e+02
4.925590000000000523e-04 2.308254868396657571e+02
5.058709999999999683e-04 2.288917965799757610e+02
5.191829999999999926e-04 2.269426874943353596e+02
5.324960000000000327e-04 2.249771877982830972e+02
5.458079999999999486e-04 2.229936749023861751e+02
5.591199999999999729e-04 2.209901310966661185e+02
5.724330000000000130e-04 2.189642651027162685e+02
5.857450000000000373e-04 2.169140843404765349e+02
5.990579999999999690e-04 2.148373563343992032e+02
6.123699999999999933e-04 2.127323249706091701e+02
6.256820000000000177e-04 2.105974809793935378e+02
6.389949999999999493e-04 2.084313917535679650e+02
6.523069999999999737e-04 2.062337825181719211e+02
6.656200000000000137e-04 2.040042220466908702e+02
6.789320000000000381e-04 2.017432152351371428e+02
6.922439999999999540e-04 1.994517369073760449e+02
7.055569999999999941e-04 1.971304106312593660e+02
7.188690000000000184e-04 1.947817735479065675e+02
7.321819999999999501e-04 1.924066295339397925e+02
7.454939999999999744e-04 1.900081730321032012e+02
7.588059999999999987e-04 1.875874129272209530e+02
7.721190000000000388e-04 1.851471350882026741e+02
7.854309999999999547e-04 1.826886556607068712e+02
7.987439999999999948e-04 1.802142047297363092e+02
8.120560000000000191e-04 1.777246776943359237e+02
8.253680000000000435e-04 1.752218087222443046e+02
8.386809999999999751e-04 1.727054097743338730e+02
8.519929999999999995e-04 1.701769920164596783e+02
8.653050000000000238e-04 1.676359374730084255e+02
8.786179999999999555e-04 1.650825014725955384e+02
8.919299999999999798e-04 1.625164229218809169e+02
9.052430000000000199e-04 1.599374081576252991e+02
9.185550000000000442e-04 1.573451836534306949e+02
9.318669999999999601e-04 1.547397387879402970e+02
9.451800000000000002e-04 1.521204618140952789e+02
9.584920000000000245e-04 1.494884635598491229e+02
9.718049999999999562e-04 1.468433447845802107e+02
9.851169999999999805e-04 1.441870542868613256e+02
9.984289999999998964e-04 1.415198748620292406e+02
1.011739999999999905e-03 1.388444972512463096e+02
1.025050000000000006e-03 1.361618189275994837e+02
1.038370000000000048e-03 1.334729554066165065e+02
1.051679999999999933e-03 1.307831333520017836e+02
1.064990000000000034e-03 1.280941410221364833e+02
1.078299999999999918e-03 1.254071907913814954e+02
1.091619999999999960e-03 1.227242107595050840e+02
1.104930000000000061e-03 1.200502729801811483e+02
1.118239999999999946e-03 1.173869006641403985e+02
1.131550000000000047e-03 1.147348240327534654e+02
1.144870000000000089e-03 1.120949408852546867e+02
1.158179999999999973e-03 1.094715495480990342e+02
1.171490000000000075e-03 1.068647583299057260e+02
1.184799999999999959e-03 1.042745006543352986e+02
1.198120000000000001e-03 1.017002927414344100e+02
1.211430000000000102e-03 9.914569607100268911e+01
1.224739999999999987e-03 9.660981182596464123e+01
1.238050000000000088e-03 9.409225483385999667e+01
1.251359999999999972e-03 9.159406517236789114e+01
1.264680000000000014e-03 8.911311354114225480e+01
1.277989999999999899e-03 8.665450528732704072e+01
1.291300000000000000e-03 8.421629448114386207e+01
1.304610000000000101e-03 8.180044301538468687e+01
1.317929999999999926e-03 7.940545721754985209e+01
1.331240000000000027e-03 7.703779378814864742e+01
1.344549999999999912e-03 7.469565173772885203e+01
1.357860000000000013e-03 7.238216196645230127e+01
1.371180000000000055e-03 7.009695474338292343e+01
1.384489999999999939e-03 6.784645758131313187e+01
1.397800000000000041e-03 6.563016728452541315e+01
1.411109999999999925e-03 6.345129193183841920e+01
1.424429999999999967e-03 6.130942839265656374e+01
1.437740000000000068e-03 5.921088558018012549e+01
1.451049999999999953e-03 5.715510442295670401e+01
1.464360000000000054e-03 5.514485234697207261e+01
1.477680000000000096e-03 5.317948895038119161e+01
1.490989999999999980e-03 5.126426596528970947e+01
1.504300000000000082e-03 4.939826284127092038e+01
1.517609999999999966e-03 4.758318871181180043e+01
1.530930000000000008e-03 4.581796830664100639e+01
1.544239999999999892e-03 4.410629192647134289e+01
1.557549999999999994e-03 4.244674479017302815e+01
1.570860000000000095e-03 4.083964391837032082e+01
1.584169999999999979e-03 3.928456238433096814e+01
1.597490000000000021e-03 3.777997177128816020e+01
1.610799999999999906e-03 3.632733884834146210e+01
1.624110000000000007e-03 3.492448431205534121e+01
1.637420000000000108e-03 3.357029804404696449e+01
1.650739999999999933e-03 3.226217118212745305e+01
1.664050000000000034e-03 3.100070442317487007e+01
1.677359999999999919e-03 2.978288075434535642e+01
1.690670000000000020e-03 2.860714099313941006e+01
1.703990000000000062e-03 2.747032959281094122e+01
1.717299999999999946e-03 2.637250240801205337e+01
1.730610000000000048e-03 2.531040220371781757e+01
1.743919999999999932e-03 2.428236723268451769e+01
1.757239999999999974e-03 2.328526189320643880e+01
1.770550000000000075e-03 2.231898610831793306e+01
1.783859999999999960e-03 2.138055849571688327e+01
1.797170000000000061e-03 2.046849857294216335e+01
1.810490000000000103e-03 1.958017711717040399e+01
1.823799999999999987e-03 1.871562447057721812e+01
1.837110000000000088e-03 1.787260961824516414e+01
1.850419999999999973e-03 1.705005205890078201e+01
1.863730000000000074e-03 1.624689991636886433e+01
1.877049999999999899e-03 1.546177298235186903e+01
1.890360000000000000e-03 1.469537452925738918e+01
1.903670000000000102e-03 1.394666388072068663e+01
1.916979999999999986e-03 1.321577532672597854e+01
1.930300000000000028e-03 1.250205963446230584e+01
1.943609999999999912e-03 1.180727874213611273e+01
1.956920000000000014e-03 1.113108129924741085e+01
1.970229999999999898e-03 1.047456187268996608e+01
1.983550000000000157e-03 9.837635495416073184e+00
1.996860000000000041e-03 9.222538307776925848e+00
2.010169999999999926e-03 8.629273740203485588e+00
2.023479999999999810e-03 8.059062737289268696e+00
2.036800000000000069e-03 7.511923169873448991e+00
2.050109999999999953e-03 6.989615602326487043e+00
2.063419999999999838e-03 6.491987501621907519e+00
2.076730000000000156e-03 6.019542751049176132e+00
2.090049999999999981e-03 5.571944574775237413e+00
2.103359999999999865e-03 5.149866902647537437e+00
2.116670000000000183e-03 4.752687833397822637e+00
2.129980000000000068e-03 4.379931243090980253e+00
2.143299999999999893e-03 4.030775406823085660e+00
2.156610000000000211e-03 3.704880213250995702e+00
2.169920000000000095e-03 3.401214144730748234e+00
2.183229999999999980e-03 3.118653209190844766e+00
2.196539999999999864e-03 2.856285615609206019e+00
2.209860000000000123e-03 2.612688281596242224e+00
2.223170000000000007e-03 2.387244219763274167e+00
2.236479999999999892e-03 2.178536688390823706e+00
2.249790000000000210e-03 1.985584302906579612e+00
2.263110000000000035e-03 1.807097451737801785e+00
2.276419999999999919e-03 1.642419156084975018e+00
2.289729999999999804e-03 1.490389452630181522e+00
2.303040000000000122e-03 1.350170571781916351e+00
2.316359999999999947e-03 1.220780194519598849e+00
2.329669999999999831e-03 1.101673433425180537e+00
2.342980000000000149e-03 9.920069431256615111e-01
2.356290000000000034e-03 8.911381045752966301e-01
2.369609999999999859e-03 7.983679525935130084e-01
2.382920000000000177e-03 7.132786217696029940e-01
2.396230000000000061e-03 6.352700690694466079e-01
2.409539999999999946e-03 5.638560080671227714e-01
2.422860000000000204e-03 4.985336023506992120e-01
2.436170000000000089e-03 4.389725398766044506e-01
2.449479999999999973e-03 3.847325773461937604e-01
2.462789999999999858e-03 3.354327505139966248e-01
2.476100000000000176e-03 2.907306898083084068e-01
2.489420000000000001e-03 2.502570831295574671e-01
2.502729999999999885e-03 2.137696028436555928e-01
2.516040000000000203e-03 1.809374565156449677e-01
2.529350000000000088e-03 1.514913477804827324e-01
2.542669999999999913e-03 1.251435075837138144e-01
2.555979999999999797e-03 1.016937156777452667e-01
2.569290000000000115e-03 8.088399604177642921e-02
2.582600000000000000e-03 6.249989159177402748e-02
2.595919999999999825e-03 4.631614945595716876e-02
2.609230000000000143e-03 3.216468805207901849e-02
2.622540000000000027e-03 1.984325692228268781e-02
2.635849999999999912e-03 9.194452672368080143e-03
2.649170000000000171e-03 0.000000000000000000e+00
