1.331239999999999980e-05 1.030615473683785922e+03
2.662479999999999960e-05 1.023353365955997674e+03
3.993720000000000110e-05 1.018286283683786223e+03
5.324959999999999920e-05 1.013997774289330891e+03
6.656200000000000408e-05 1.010050977017119635e+03
7.987440000000000219e-05 1.006248778178219936e+03
9.318669999999999330e-05 1.002479852807632255e+03
1.064989999999999980e-04 9.986747369862623600e+02
1.198119999999999974e-04 9.947845080365780177e+02
1.331240000000000082e-04 9.907735900154892761e+02
1.464360000000000054e-04 9.866143557458940450e+02
1.597489999999999913e-04 9.822834932412505395e+02
1.730609999999999885e-04 9.777648847535890582e+02
1.863730000000000128e-04 9.730421220429932418e+02
1.996859999999999987e-04 9.681049370024169320e+02
2.129979999999999959e-04 9.629430203188220503e+02
2.263110000000000089e-04 9.575510303102084890e+02
2.396230000000000061e-04 9.519232142830979910e+02
2.529349999999999763e-04 9.460592426415906857e+02
2.662480000000000163e-04 9.399564807875769930e+02
2.795599999999999865e-04 9.336201825628126016e+02
2.928730000000000265e-04 9.270515273774630032e+02
3.061849999999999967e-04 9.202596242762163001e+02
3.194970000000000210e-04 9.132503956913826642e+02
3.328100000000000069e-04 9.060343675599937114e+02
3.461219999999999770e-04 8.986230842357598476e+02
3.594350000000000171e-04 8.910286614633879481e+02
3.727469999999999872e-04 8.832660478576000287e+02
3.860590000000000115e-04 8.753489709655834758e+02
3.993719999999999974e-04 8.672931376713720510e+02
4.126840000000000217e-04 8.591140391573663919e+02
4.259970000000000076e-04 8.508279743206966259e+02
4.393089999999999777e-04 8.424495227447781645e+02
4.526210000000000021e-04 8.339953817530539482e+02
4.659339999999999879e-04 8.254763271208852302e+02
4.792460000000000123e-04 8.169094310824145850e+02
4.925590000000000523e-04 8.083020857204237473e+02
5.058709999999999683e-04 7.996685725740486532e+02
5.191829999999999926e-04 7.910136542940543904e+02
5.324960000000000327e-04 7.823457819079450246e+02
5.458079999999999486e-04 7.736681762164795373e+02
5.591199999999999729e-04 7.649845855130039354e+02
5.724330000000000130e-04 7.562927557445331104e+02
5.857450000000000373e-04 7.475934265767294846e+02
5.990579999999999690e-04 7.388805022676666567e+02
6.123699999999999933e-04 7.301498773907212581e+02
6.256820000000000177e-04 7.213936387070814362e+02
6.389949999999999493e-04 7.126016089753079541e+02
6.523069999999999737e-04 7.037664712917026009e+02
6.656200000000000137e-04 6.948746330526129213e+02
6.789320000000000381e-04 6.859187073548214357e+02
6.922439999999999540e-04 6.768849289001404941e+02
7.055569999999999941e-04 6.677650954169304214e+02
7.188690000000000184e-04 6.585489580643474028e+02
7.321819999999999501e-04 6.492299846266125769e+02
7.454939999999999744e-04 6.398015279683983181e+02
7.588059999999999987e-04 6.302609221159459594e+02
7.721190000000000388e-04 6.206045646786867565e+02
7.854309999999999547e-04 6.108354679179932418e+02
7.987439999999999948e-04 6.009551342913864573e+02
8.120560000000000191e-04 5.909698265149277177e+02
8.253680000000000435e-04 5.808873861622610093e+02
8.386809999999999751e-04 5.707141840831831132e+02
8.519929999999999995e-04 5.604648387600910837e+02
8.653050000000000238e-04 5.501469626480765100e+02
8.786179999999999555e-04 5.397756098634633872e+02
8.919299999999999798e-04 5.293608974943682597e+02
9.052430000000000199e-04 5.189179699382842728e+02
9.185550000000000442e-04 5.084562375852908076e+02
9.318669999999999601e-04 4.979909260864623661e+02
9.451800000000000002e-04 4.875278799159413552e+02
9.584920000000000245e-04 4.770830488435422581e+02
9.718049999999999562e-04 4.666600938369473965e+02
9.851169999999999805e-04 4.562730961602297270e+02
9.984289999999998964e-04 4.459252627014397490e+02
1.011739999999999905e-03 4.356283212166236467e+02
1.025050000000000006e-03 4.253853720485806775e+02
1.038370000000000048e-03 4.151980965656665603e+02
1.051679999999999933e-03 4.050844744260515995e+02
1.064990000000000034e-03 3.950466620996494385e+02
1.078299999999999918e-03 3.850872525943805726e+02
1.091619999999999960e-03 3.752091657352780203e+02
1.104930000000000061e-03 3.654298430867239631e+02
1.118239999999999946e-03 3.557525831963853875e+02
1.131550000000000047e-03 3.461811293527198359e+02
1.144870000000000089e-03 3.367216510148156203e+02
1.158179999999999973e-03 3.273876306652816197e+02
1.171490000000000075e-03 3.181858539800207382e+02
1.184799999999999959e-03 3.091204742890042212e+02
1.198120000000000001e-03 3.001962326463688555e+02
1.211430000000000102e-03 2.914295408259861233e+02
1.224739999999999987e-03 2.828248066983746867e+02
1.238050000000000088e-03 2.743842760304108310e+02
1.251359999999999972e-03 2.661175835409639490e+02
1.264680000000000014e-03 2.580198072816695003e+02
1.277989999999999899e-03 2.501104194358818233e+02
1.291300000000000000e-03 2.423831224255367260e+02
1.304610000000000101e-03 2.348423921427906862e+02
1.317929999999999926e-03 2.274811087802782765e+02
1.331240000000000027e-03 2.203118327656095516e+02
1.344549999999999912e-03 2.133261466111361528e+02
1.357860000000000013e-03 2.065229288892926434e+02
1.371180000000000055e-03 1.998933501585056547e+02
1.384489999999999939e-03 1.934443216341085190e+02
1.397800000000000041e-03 1.871664480853195016e+02
1.411109999999999925e-03 1.810556902034579139e+02
1.424429999999999967e-03 1.751030641186769401e+02
1.437740000000000068e-03 1.693133062256710559e+02
1.451049999999999953e-03 1.636776664896904094e+02
1.464360000000000054e-03 1.581923344079329183e+02
1.477680000000000096e-03 1.528494559505995483e+02
1.490989999999999980e-03 1.476537701953220960e+02
1.504300000000000082e-03 1.425977990478256459e+02
1.517609999999999966e-03 1.376785511413949052e+02
1.530930000000000008e-03 1.328891942256317407e+02
1.544239999999999892e-03 1.282337552041001061e+02
1.557549999999999994e-03 1.237053886384159824e+02
1.570860000000000095e-03 1.193003333600621261e+02
1.584169999999999979e-03 1.150151320710617711e+02
1.597490000000000021e-03 1.108421716407840023e+02
1.610799999999999906e-03 1.067839631200936452e+02
1.624110000000000007e-03 1.028322953265894313e+02
1.637420000000000108e-03 9.898324532786986651e+01
1.650739999999999933e-03 9.522877942984572996e+01
1.664050000000000034e-03 9.157066403828291357e+01
1.677359999999999919e-03 8.800130398300099444e+01
1.690670000000000020e-03 8.451717130501471331e+01
1.703990000000000062e-03 8.111193894147868377e+01
1.717299999999999946e-03 7.778778803371680794e+01
1.730610000000000048e-03 7.453972990860239634e+01
1.743919999999999932e-03 7.136556377076317403e+01
1.757239999999999974e-03 6.826197218933526756e+01
1.770550000000000075e-03 6.523215203178185106e+01
1.783859999999999960e-03 6.227406022977725542e+01
1.797170000000000061e-03 5.938685329486233400e+01
1.810490000000000103e-03 5.656967746586622070e+01
1.823799999999999987e-03 5.382634612595432344e+01
1.837110000000000088e-03 5.115659843164904430e+01
1.850419999999999973e-03 4.856025620811583110e+01
1.863730000000000074e-03 4.603941786713646422e+01
1.877049999999999899e-03 4.359217213785040457e+01
1.890360000000000000e-03 4.122424979850396198e+01
1.903670000000000102e-03 3.893373365747740422e+01
1.916979999999999986e-03 3.672245839035080905e+01
1.930300000000000028e-03 3.458863818480467955e+01
1.943609999999999912e-03 3.253696652167668901e+01
1.956920000000000014e-03 3.056550173640670920e+01
1.970229999999999898e-03 2.867525888735271167e+01
1.983550000000000157e-03 2.686430402006315177e+01
1.996860000000000041e-03 2.513580668950956110e+01
2.010169999999999926e-03 2.348753766178635516e+01
2.023479999999999810e-03 2.191927776074917844e+01
2.036800000000000069e-03 2.042868159237111314e+01
2.050109999999999953e-03 1.901702995829715448e+01
2.063419999999999838e-03 1.768161792932339083e+01
2.076730000000000156e-03 1.642073428491707787e+01
2.090049999999999981e-03 1.523152499225991008e+01
2.103359999999999865e-03 1.411341249180800439e+01
2.116670000000000183e-03 1.306323195228582712e+01
2.129980000000000068e-03 1.207809176723238487e+01
2.143299999999999893e-03 1.115479093904879271e+01
2.156610000000000211e-03 1.029149528919764833e+01
2.169920000000000095e-03 9.484889215808737006e+00
2.183229999999999980e-03 8.731634492376450396e+00
2.196539999999999864e-03 8.029092211295671078e+00
2.209860000000000123e-03 7.373503082603776626e+00
2.223170000000000007e-03 6.763276170401745446e+00
2.236479999999999892e-03 6.194888552492502143e+00
2.249790000000000210e-03 5.665920407101276979e+00
2.263110000000000035e-03 5.173275672725935692e+00
2.276419999999999919e-03 4.715484450917699633e+00
2.289729999999999804e-03 4.289808741134390146e+00
2.303040000000000122e-03 3.894280325074056304e+00
2.316359999999999947e-03 3.526607940806904651e+00
2.329669999999999831e-03 3.185625835719915422e+00
2.342980000000000149e-03 2.869387710270682401e+00
2.356290000000000034e-03 2.576415289586838409e+00
2.369609999999999859e-03 2.305135345125617796e+00
2.382920000000000177e-03 2.054696524506347100e+00
2.396230000000000061e-03 1.823783788899082881e+00
2.409539999999999946e-03 1.611321937673449556e+00
2.422860000000000204e-03 1.416242638928719044e+00
2.436170000000000089e-03 1.237904569347540340e+00
2.449479999999999973e-03 1.075367124532550234e+00
2.462789999999999858e-03 9.277868113082872181e-01
2.476100000000000176e-03 7.944241684017628868e-01
2.489420000000000001e-03 6.743946819110111512e-01
2.502729999999999885e-03 5.671369330375229945e-01
2.516040000000000203e-03 4.717819826212819589e-01
2.529350000000000088e-03 3.875596098533448108e-01
2.542669999999999913e-03 3.136221637134431472e-01
2.555979999999999797e-03 2.492842057126309074e-01
2.569290000000000115e-03 1.936889510902520817e-01
2.582600000000000000e-03 1.460360223581064210e-01
2.595919999999999825e-03 1.054998538637710453e-01
2.609230000000000143e-03 7.137493589361498803e-02
2.622540000000000027e-03 4.287601876950768165e-02
2.635849999999999912e-03 1.937134745650227405e-02
2.649170000000000171e-03 0.000000000000000000e+00
