1.331239999999999980e-05 9.671672228028289737e+02
2.662479999999999960e-05 9.599970457135787001e+02
3.993720000000000110e-05 9.550874261361623212e+02
5.324959999999999920e-05 9.510096123802452439e+02
6.656200000000000408e-05 9.473304861361623352e+02
7.987440000000000219e-05 9.438584579358008568e+02
9.318669999999999330e-05 9.404900685109316782e+02
1.064989999999999980e-04 9.371636200208479295e+02
1.198119999999999974e-04 9.338382511096380085e+02
1.331240000000000082e-04 9.304867637438782140e+02
1.464360000000000054e-04 9.270882818634584055e+02
1.597489999999999913e-04 9.236275509736071854e+02
1.730609999999999885e-04 9.200925544115503953e+02
1.863730000000000128e-04 9.164734205041980886e+02
1.996859999999999987e-04 9.127608527200965227e+02
2.129979999999999959e-04 9.089481444271973487e+02
2.263110000000000089e-04 9.050271562452069247e+02
2.396230000000000061e-04 9.009920760721994384e+02
2.529349999999999763e-04 8.968356527545740846e+02
2.662480000000000163e-04 8.925513036211401641e+02
2.795599999999999865e-04 8.881331392666795637e+02
2.928730000000000265e-04 8.835741338695881950e+02
3.061849999999999967e-04 8.788689872324957832e+02
3.194970000000000210e-04 8.740110406265032452e+02
3.328100000000000069e-04 8.689946764679770013e+02
3.461219999999999770e-04 8.638148607816034428e+02
3.594350000000000171e-04 8.584666405060353327e+02
3.727469999999999872e-04 8.529458763511638608e+02
3.860590000000000115e-04 8.472493304997356063e+02
3.993719999999999974e-04 8.413729959816147357e+02
4.126840000000000217e-04 8.353163998048881922e+02
4.259970000000000076e-04 8.290767839312176193e+02
4.393089999999999777e-04 8.226553559208771276e+02
4.526210000000000021e-04 8.160517531480275011e+02
4.659339999999999879e-04 8.092673192993529483e+02
4.792460000000000123e-04 8.023053015952789337e+02
4.925590000000000523e-04 7.951678686404979999e+02
5.058709999999999683e-04 7.878604755673135287e+02
5.191829999999999926e-04 7.803869083660874821e+02
5.324960000000000327e-04 7.727529270705916815e+02
5.458079999999999486e-04 7.649647398734779244e+02
5.591199999999999729e-04 7.570296332224692151e+02
5.724330000000000130e-04 7.489524150178930313e+02
5.857450000000000373e-04 7.407431130852028218e+02
5.990579999999999690e-04 7.324057787591619899e+02
6.123699999999999933e-04 7.239508299564027993e+02
6.256820000000000177e-04 7.153823793378263645e+02
6.389949999999999493e-04 7.067087235998340020e+02
6.523069999999999737e-04 6.979350975376733004e+02
6.656200000000000137e-04 6.890683319273690586e+02
6.789320000000000381e-04 6.801128608504984641e+02
6.922439999999999540e-04 6.710751479954308252e+02
7.055569999999999941e-04 6.619567862235719531e+02
7.188690000000000184e-04 6.527653548652226618e+02
7.321819999999999501e-04 6.435011522023625048e+02
7.454939999999999744e-04 6.341711420721097738e+02
7.588059999999999987e-04 6.247760271889338810e+02
7.721190000000000388e-04 6.153205684190653528e+02
7.854309999999999547e-04 6.058076553276371214e+02
7.987439999999999948e-04 5.962417940562727381e+02
8.120560000000000191e-04 5.866262670817708340e+02
8.253680000000000435e-04 5.769673486195241594e+02
8.386809999999999751e-04 5.672667768980073788e+02
8.519929999999999995e-04 5.575345223705194257e+02
8.653050000000000238e-04 5.477730471506738468e+02
8.786179999999999555e-04 5.379919923335762633e+02
8.919299999999999798e-04 5.281967461956884335e+02
9.052430000000000199e-04 5.183980867002330797e+02
9.185550000000000442e-04 5.086020211981697798e+02
9.318669999999999601e-04 4.988216726984948082e+02
9.451800000000000002e-04 4.890611576070572255e+02
9.584920000000000245e-04 4.793368984170630824e+02
9.718049999999999562e-04 4.696520678435824721e+02
9.851169999999999805e-04 4.600232542488847116e+02
9.984289999999998964e-04 4.504536121372153730e+02
1.011739999999999905e-03 4.409579835910211045e+02
1.025050000000000006e-03 4.315388585725837629e+02
1.038370000000000048e-03 4.222003871908057135e+02
1.051679999999999933e-03 4.129572392966142047e+02
1.064990000000000034e-03 4.038107443411525992e+02
1.078299999999999918e-03 3.947593546787202854e+02
1.091619999999999960e-03 3.858006487512925560e+02
1.104930000000000061e-03 3.769443651696731763e+02
1.118239999999999946e-03 3.681838494416371077e+02
1.131550000000000047e-03 3.595136808523409400e+02
1.144870000000000089e-03 3.509242787929381393e+02
1.158179999999999973e-03 3.424221698724743987e+02
1.171490000000000075e-03 3.339960722528236943e+02
1.184799999999999959e-03 3.256396662209573378e+02
1.198120000000000001e-03 3.173424919741268013e+02
1.211430000000000102e-03 3.091117518503153860e+02
1.224739999999999987e-03 3.009395749944418412e+02
1.238050000000000088e-03 2.928225991510668109e+02
1.251359999999999972e-03 2.847634457770658400e+02
1.264680000000000014e-03 2.767548105726909853e+02
1.277989999999999899e-03 2.688153649927040760e+02
1.291300000000000000e-03 2.609418361176393546e+02
1.304610000000000101e-03 2.531499411556061148e+02
1.317929999999999926e-03 2.454268883274382631e+02
1.331240000000000027e-03 2.378014809243149728e+02
1.344549999999999912e-03 2.302750257858549219e+02
1.357860000000000013e-03 2.228591696206460711e+02
1.371180000000000055e-03 2.155527979971862180e+02
1.384489999999999939e-03 2.083780397058469873e+02
1.397800000000000041e-03 2.013327484606302846e+02
1.411109999999999925e-03 1.944251592667990849e+02
1.424429999999999967e-03 1.876519227836779180e+02
1.437740000000000068e-03 1.810280879166377872e+02
1.451049999999999953e-03 1.745487180556969236e+02
1.464360000000000054e-03 1.682158558477803751e+02
1.477680000000000096e-03 1.620238979996019566e+02
1.490989999999999980e-03 1.559824462774342635e+02
1.504300000000000082e-03 1.500853300552140581e+02
1.517609999999999966e-03 1.443323325754046493e+02
1.530930000000000008e-03 1.387177140330131522e+02
1.544239999999999892e-03 1.332499816055112092e+02
1.557549999999999994e-03 1.279236810331563419e+02
1.570860000000000095e-03 1.227394234054278996e+02
1.584169999999999979e-03 1.176962162652522181e+02
1.597490000000000021e-03 1.127912606642122597e+02
1.610799999999999906e-03 1.080308887190719105e+02
1.624110000000000007e-03 1.034118919247381427e+02
1.637420000000000108e-03 9.893288097070555409e+01
1.650739999999999933e-03 9.459007505529977777e+01
1.664050000000000034e-03 9.038799861484000076e+01
1.677359999999999919e-03 8.632157662293042222e+01
1.690670000000000020e-03 8.238815449280140513e+01
1.703990000000000062e-03 7.858198158526774080e+01
1.717299999999999946e-03 7.490560889779203535e+01
1.730610000000000048e-03 7.135277754893111535e+01
1.743919999999999932e-03 6.792014135782387996e+01
1.757239999999999974e-03 6.460200603934109154e+01
1.770550000000000075e-03 6.140018544565234748e+01
1.783859999999999960e-03 5.830978871518902196e+01
1.797170000000000061e-03 5.532810576983744255e+01
1.810490000000000103e-03 5.245168010568411887e+01
1.823799999999999987e-03 4.968265892968556585e+01
1.837110000000000088e-03 4.701864585670999475e+01
1.850419999999999973e-03 4.445793439726440965e+01
1.863730000000000074e-03 4.200093297829774031e+01
1.877049999999999899e-03 3.964447614317284518e+01
1.890360000000000000e-03 3.739254963285845434e+01
1.903670000000000102e-03 3.524203685825538201e+01
1.916979999999999986e-03 3.319286159619740317e+01
1.930300000000000028e-03 3.124195050379444893e+01
1.943609999999999912e-03 2.939121282823924375e+01
1.956920000000000014e-03 2.763711496533611722e+01
1.970229999999999898e-03 2.597743627928465315e+01
1.983550000000000157e-03 2.440835256162170808e+01
1.996860000000000041e-03 2.292879332508664803e+01
2.010169999999999926e-03 2.153437124459478724e+01
2.023479999999999810e-03 2.022067377873127469e+01
2.036800000000000069e-03 1.898309929561717979e+01
2.050109999999999953e-03 1.781846464772315386e+01
2.063419999999999838e-03 1.672193265233482506e+01
2.076730000000000156e-03 1.568827811753162749e+01
2.090049999999999981e-03 1.471287172779316066e+01
2.103359999999999865e-03 1.379220972717488536e+01
2.116670000000000183e-03 1.292196039136231178e+01
2.129980000000000068e-03 1.209779770180819014e+01
2.143299999999999893e-03 1.131603168583359853e+01
2.156610000000000211e-03 1.057440410264320363e+01
2.169920000000000095e-03 9.869861088063583310e+00
2.183229999999999980e-03 9.199958992785690626e+00
2.196539999999999864e-03 8.562900119143661115e+00
2.209860000000000123e-03 7.956697316742198822e+00
2.223170000000000007e-03 7.381072380290239821e+00
2.236479999999999892e-03 6.834737826019029683e+00
2.249790000000000210e-03 6.316953624318171201e+00
2.263110000000000035e-03 5.826914678532408409e+00
2.276419999999999919e-03 5.364865523983188389e+00
2.289729999999999804e-03 4.930087536677131510e+00
2.303040000000000122e-03 4.522123399766744711e+00
2.316359999999999947e-03 4.140154890590666881e+00
2.329669999999999831e-03 3.784153842757810082e+00
2.342980000000000149e-03 3.452977660191151266e+00
2.356290000000000034e-03 3.145773188755166316e+00
2.369609999999999859e-03 2.861116362249526368e+00
2.382920000000000177e-03 2.598311430370827235e+00
2.396230000000000061e-03 2.355676983554316539e+00
2.409539999999999946e-03 2.131887029604639494e+00
2.422860000000000204e-03 1.925214112758812268e+00
2.436170000000000089e-03 1.734561305213048854e+00
2.449479999999999973e-03 1.558281685441444075e+00
2.462789999999999858e-03 1.395026558747942014e+00
2.476100000000000176e-03 1.243522586429121723e+00
2.489420000000000001e-03 1.102499231546594016e+00
2.502729999999999885e-03 9.711919661293252348e-01
2.516040000000000203e-03 8.485906745805215090e-01
2.529350000000000088e-03 7.340284798523694088e-01
2.542669999999999913e-03 6.267933577888705754e-01
2.555979999999999797e-03 5.266431405532217003e-01
2.569290000000000115e-03 4.331056875660036498e-01
2.582600000000000000e-03 3.459591579469181721e-01
2.595919999999999825e-03 2.649193788736019517e-01
2.609230000000000143e-03 1.899760122503278970e-01
2.622540000000000027e-03 1.209334057625219977e-01
2.635849999999999912e-03 5.767524244744737932e-02
2.649170000000000171e-03 0.000000000000000000e+00
