1.331239999999999980e-05 1.135889838371294672e+03
2.662479999999999960e-05 1.117000828167181453e+03
3.993720000000000110e-05 1.104746082815739328e+03
5.324959999999999920e-05 1.095028472611625830e+03
6.656200000000000408e-05 1.086607900593516888e+03
7.987440000000000219e-05 1.078932021500514566e+03
9.318669999999999330e-05 1.071705171113297183e+03
1.064989999999999980e-04 1.064746943604912531e+03
1.198119999999999974e-04 1.057942827904179694e+03
1.331240000000000082e-04 1.051211669015589223e+03
1.464360000000000054e-04 1.044499635941460156e+03
1.597489999999999913e-04 1.037762796764660834e+03
1.730609999999999885e-04 1.030976455531095326e+03
1.863730000000000128e-04 1.024116040262623073e+03
1.996859999999999987e-04 1.017170264101944440e+03
2.129979999999999959e-04 1.010127766608870047e+03
2.263110000000000089e-04 1.002985308766370167e+03
2.396230000000000061e-04 9.957390504843253893e+02
2.529349999999999763e-04 9.883912927114997728e+02
2.662480000000000163e-04 9.809412281545007772e+02
2.795599999999999865e-04 9.733951719604344817e+02
2.928730000000000265e-04 9.657543784789296524e+02
3.061849999999999967e-04 9.580257319557395022e+02
3.194970000000000210e-04 9.502118271668676925e+02
3.328100000000000069e-04 9.423172039205214787e+02
3.461219999999999770e-04 9.343457978146456071e+02
3.594350000000000171e-04 9.263000856873494513e+02
3.727469999999999872e-04 9.181827176812847711e+02
3.860590000000000115e-04 9.099950844513612083e+02
3.993719999999999974e-04 9.017361090080888744e+02
4.126840000000000217e-04 8.934074430021438502e+02
4.259970000000000076e-04 8.850053945744950852e+02
4.393089999999999777e-04 8.765303294251904163e+02
4.526210000000000021e-04 8.679773364806094378e+02
4.659339999999999879e-04 8.593441591932762549e+02
4.792460000000000123e-04 8.506265965141615197e+02
4.925590000000000523e-04 8.418214942369384062e+02
5.058709999999999683e-04 8.329242656157842930e+02
5.191829999999999926e-04 8.239329484993711503e+02
5.324960000000000327e-04 8.148415495096015775e+02
5.458079999999999486e-04 8.056513361498696213e+02
5.591199999999999729e-04 7.963578734864512398e+02
5.724330000000000130e-04 7.869620277252687401e+02
5.857450000000000373e-04 7.774639107309916426e+02
5.990579999999999690e-04 7.678655048317897354e+02
6.123699999999999933e-04 7.581697926229190898e+02
6.256820000000000177e-04 7.483811110833564726e+02
6.389949999999999493e-04 7.385030713982288262e+02
6.523069999999999737e-04 7.285434051652511016e+02
6.656200000000000137e-04 7.185071199077522124e+02
6.789320000000000381e-04 7.084025176363396668e+02
6.922439999999999540e-04 6.982365357069281799e+02
7.055569999999999941e-04 6.880150915847730175e+02
7.188690000000000184e-04 6.777476028606924956e+02
7.321819999999999501e-04 6.674384596024718803e+02
7.454939999999999744e-04 6.570964341584209478e+02
7.588059999999999987e-04 6.467256825502388438e+02
7.721190000000000388e-04 6.363313728797489830e+02
7.854309999999999547e-04 6.259189785669836965e+02
7.987439999999999948e-04 6.154913981658618241e+02
8.120560000000000191e-04 6.050531935192746005e+02
8.253680000000000435e-04 5.946066707208314028e+02
8.386809999999999751e-04 5.841532736034026811e+02
8.519929999999999995e-04 5.736966010605331121e+02
8.653050000000000238e-04 5.632374964928795862e+02
8.786179999999999555e-04 5.527764201334466634e+02
8.919299999999999798e-04 5.423161798636905360e+02
9.052430000000000199e-04 5.318559260611955324e+02
9.185550000000000442e-04 5.213983061044388023e+02
9.318669999999999601e-04 5.109430767930526258e+02
9.451800000000000002e-04 5.004906166500622930e+02
9.584920000000000245e-04 4.900433668081066116e+02
9.718049999999999562e-04 4.796013486897749090e+02
9.851169999999999805e-04 4.691680652995536320e+02
9.984289999999998964e-04 4.587451105976645067e+02
1.011739999999999905e-03 4.483371335982604933e+02
1.025050000000000006e-03 4.379476805565136033e+02
1.038370000000000048e-03 4.275748046472825763e+02
1.051679999999999933e-03 4.172390728180438373e+02
1.064990000000000034e-03 4.069423431184903848e+02
1.078299999999999918e-03 3.966909537897652172e+02
1.091619999999999960e-03 3.864900242758509421e+02
1.104930000000000061e-03 3.763619716029050437e+02
1.118239999999999946e-03 3.663134096128951569e+02
1.131550000000000047e-03 3.563532626374016559e+02
1.144870000000000089e-03 3.464917611140829763e+02
1.158179999999999973e-03 3.367448541762357195e+02
1.171490000000000075e-03 3.271226120863559572e+02
1.184799999999999959e-03 3.176310608374762978e+02
1.198120000000000001e-03 3.082748922375387792e+02
1.211430000000000102e-03 2.990714268410906698e+02
1.224739999999999987e-03 2.900221517267654576e+02
1.238050000000000088e-03 2.811283780751642212e+02
1.251359999999999972e-03 2.723948570551744410e+02
1.264680000000000014e-03 2.638147106299003326e+02
1.277989999999999899e-03 2.554023595780827236e+02
1.291300000000000000e-03 2.471496233835634087e+02
1.304610000000000101e-03 2.390559645970637348e+02
1.317929999999999926e-03 2.311131316799356057e+02
1.331240000000000027e-03 2.233317191157577781e+02
1.344549999999999912e-03 2.157034176148005713e+02
1.357860000000000013e-03 2.082271631736669804e+02
1.371180000000000055e-03 2.008955341387978990e+02
1.384489999999999939e-03 1.937193827848705041e+02
1.397800000000000041e-03 1.866918327145183980e+02
1.411109999999999925e-03 1.798138318747695337e+02
1.424429999999999967e-03 1.730795660748276816e+02
1.437740000000000068e-03 1.665011079158409757e+02
1.451049999999999953e-03 1.600730844024318742e+02
1.464360000000000054e-03 1.537982226336305871e+02
1.477680000000000096e-03 1.476719895967563616e+02
1.490989999999999980e-03 1.417068157979855130e+02
1.504300000000000082e-03 1.358983779142534729e+02
1.517609999999999966e-03 1.302501648467439281e+02
1.530930000000000008e-03 1.247584478927885669e+02
1.544239999999999892e-03 1.194349418831599223e+02
1.557549999999999994e-03 1.142758540204007147e+02
1.570860000000000095e-03 1.092842412086256729e+02
1.584169999999999979e-03 1.044601372956832535e+02
1.597490000000000021e-03 9.980224816957731093e+01
1.610799999999999906e-03 9.531697372463250417e+01
1.624110000000000007e-03 9.100165111286150932e+01
1.637420000000000108e-03 8.685482260598149651e+01
1.650739999999999933e-03 8.287249138454964736e+01
1.664050000000000034e-03 7.905815611466390180e+01
1.677359999999999919e-03 7.540579261776532860e+01
1.690670000000000020e-03 7.191185941136365045e+01
1.703990000000000062e-03 6.856886445538663111e+01
1.717299999999999946e-03 6.537735903566623108e+01
1.730610000000000048e-03 6.232833034359126856e+01
1.743919999999999932e-03 5.941663560314127324e+01
1.757239999999999974e-03 5.663274299227401798e+01
1.770550000000000075e-03 5.397534446191615132e+01
1.783859999999999960e-03 5.143466639470376123e+01
1.797170000000000061e-03 4.900520025597067786e+01
1.810490000000000103e-03 4.667784345398687407e+01
1.823799999999999987e-03 4.445086080834960995e+01
1.837110000000000088e-03 4.231593237869893187e+01
1.850419999999999973e-03 4.026832702453990009e+01
1.863730000000000074e-03 3.830245623014916845e+01
1.877049999999999899e-03 3.641282545248197522e+01
1.890360000000000000e-03 3.459769670490543092e+01
1.903670000000000102e-03 3.285226142641582925e+01
1.916979999999999986e-03 3.117290881892486354e+01
1.930300000000000028e-03 2.955563908568021603e+01
1.943609999999999912e-03 2.800007049115451352e+01
1.956920000000000014e-03 2.650272232729412636e+01
1.970229999999999898e-03 2.506138727969439017e+01
1.983550000000000157e-03 2.367315059902399810e+01
1.996860000000000041e-03 2.233831617951389248e+01
2.010169999999999926e-03 2.105427043672403187e+01
2.023479999999999810e-03 1.981953414012900438e+01
2.036800000000000069e-03 1.863187253356368345e+01
2.050109999999999953e-03 1.749184068670440695e+01
2.063419999999999838e-03 1.639740092007020777e+01
2.076730000000000156e-03 1.534758394051702624e+01
2.090049999999999981e-03 1.434067563797273159e+01
2.103359999999999865e-03 1.337748514752678552e+01
2.116670000000000183e-03 1.245649601739308210e+01
2.129980000000000068e-03 1.157726664064528244e+01
2.143299999999999893e-03 1.073858242426792664e+01
2.156610000000000211e-03 9.941444248152524921e+00
2.169920000000000095e-03 9.184776960039194194e+00
2.183229999999999980e-03 8.468360552868809066e+00
2.196539999999999864e-03 7.791782497427554688e+00
2.209860000000000123e-03 7.154226208529385289e+00
2.223170000000000007e-03 6.556136530104511806e+00
2.236479999999999892e-03 5.996407379031031937e+00
2.249790000000000210e-03 5.474308701801087196e+00
2.263110000000000035e-03 4.988429166594256614e+00
2.276419999999999919e-03 4.538466041331215450e+00
2.289729999999999804e-03 4.122561481883383117e+00
2.303040000000000122e-03 3.739354720148727385e+00
2.316359999999999947e-03 3.386692234827568093e+00
2.329669999999999831e-03 3.063459826589433277e+00
2.342980000000000149e-03 2.767271066987354367e+00
2.356290000000000034e-03 2.496304923459933267e+00
2.369609999999999859e-03 2.248208145689687409e+00
2.382920000000000177e-03 2.021502162603246777e+00
2.396230000000000061e-03 1.813997687376561307e+00
2.409539999999999946e-03 1.623961276486802996e+00
2.422860000000000204e-03 1.449567894090208808e+00
2.436170000000000089e-03 1.289585722110608845e+00
2.449479999999999973e-03 1.142580810417896719e+00
2.462789999999999858e-03 1.007363512714698928e+00
2.476100000000000176e-03 8.830095372183885960e-01
2.489420000000000001e-03 7.685555696480712573e-01
2.502729999999999885e-03 6.635509064731004436e-01
2.516040000000000203e-03 5.672957356681415098e-01
2.529350000000000088e-03 4.793619602380550515e-01
2.542669999999999913e-03 3.992478131153301968e-01
2.555979999999999797e-03 3.267324504274592978e-01
2.569290000000000115e-03 2.613980243924849400e-01
2.582600000000000000e-03 2.029066407079763157e-01
2.595919999999999825e-03 1.508697223340889626e-01
2.609230000000000143e-03 1.049857016493576378e-01
2.622540000000000027e-03 6.483578051324032088e-02
2.635849999999999912e-03 3.002421898180576351e-02
2.649170000000000171e-03 0.000000000000000000e+00
