1.331239999999999980e-05 6.277486447562199423e-01
2.662479999999999960e-05 6.277447800263062927e-01
3.993720000000000110e-05 6.277397426062198971e-01
5.324959999999999920e-05 6.277347192163063028e-01
6.656200000000000408e-05 6.277270959995531197e-01
7.987440000000000219e-05 6.277182284701952053e-01
9.318669999999999330e-05 6.277051366844814684e-01
1.064989999999999980e-04 6.276889522760613627e-01
1.198119999999999974e-04 6.276662032308846229e-01
1.331240000000000082e-04 6.276376414710576057e-01
1.464360000000000054e-04 6.275994006006968551e-01
1.597489999999999913e-04 6.275518256197388789e-01
1.730609999999999885e-04 6.274910079392296280e-01
1.863730000000000128e-04 6.274171096310877660e-01
1.996859999999999987e-04 6.273267364022905301e-01
2.129979999999999959e-04 6.272204004746618766e-01
2.263110000000000089e-04 6.270958866482417848e-01
2.396230000000000061e-04 6.269547606135768003e-01
2.529349999999999763e-04 6.267964568006776371e-01
2.662480000000000163e-04 6.266241762602189347e-01
2.795599999999999865e-04 6.264389770031462135e-01
2.928730000000000265e-04 6.262458593177050448e-01
3.061849999999999967e-04 6.260464882802351250e-01
3.194970000000000210e-04 6.258466817260206483e-01
3.328100000000000069e-04 6.256506325795324619e-01
3.461219999999999770e-04 6.254636672631721517e-01
3.594350000000000171e-04 6.252830716468291694e-01
3.727469999999999872e-04 6.251165128993688702e-01
3.860590000000000115e-04 6.249618427786138852e-01
3.993719999999999974e-04 6.248214542377841241e-01
4.126840000000000217e-04 6.246909883131300800e-01
4.259970000000000076e-04 6.245701272083596933e-01
4.393089999999999777e-04 6.244528832714268951e-01
4.526210000000000021e-04 6.243360019530144189e-01
4.659339999999999879e-04 6.242127297040911404e-01
4.792460000000000123e-04 6.240782440530959763e-01
4.925590000000000523e-04 6.239233825229638652e-01
5.058709999999999683e-04 6.237437416196872642e-01
5.191829999999999926e-04 6.235304905773089157e-01
5.324960000000000327e-04 6.232789985988023140e-01
5.458079999999999486e-04 6.229816113215250750e-01
5.591199999999999729e-04 6.226348821736014116e-01
5.724330000000000130e-04 6.222329873851837334e-01
5.857450000000000373e-04 6.217750376738196971e-01
5.990579999999999690e-04 6.212576478011423431e-01
6.123699999999999933e-04 6.206835356985570540e-01
6.256820000000000177e-04 6.200519437705342973e-01
6.389949999999999493e-04 6.193695121596093367e-01
6.523069999999999737e-04 6.186376626637426490e-01
6.656200000000000137e-04 6.178663727557183183e-01
6.789320000000000381e-04 6.170579004073943885e-01
6.922439999999999540e-04 6.162238362238863232e-01
7.055569999999999941e-04 6.153655559658797181e-01
7.188690000000000184e-04 6.144939206052839609e-01
7.321819999999999501e-04 6.136082572294916382e-01
7.454939999999999744e-04 6.127163093954373085e-01
7.588059999999999987e-04 6.118149349810492188e-01
7.721190000000000388e-04 6.109075098534261228e-01
7.854309999999999547e-04 6.099888812983665920e-01
7.987439999999999948e-04 6.090586219267556389e-01
8.120560000000000191e-04 6.081103174042941095e-01
8.253680000000000435e-04 6.071414450671732688e-01
8.386809999999999751e-04 6.061452206128837839e-01
8.519929999999999995e-04 6.051190662918175533e-01
8.653050000000000238e-04 6.040568468488669573e-01
8.786179999999999555e-04 6.029568377513956356e-01
8.919299999999999798e-04 6.018140355288164045e-01
9.052430000000000199e-04 6.006280091505802332e-01
9.185550000000000442e-04 5.993942982624267390e-01
9.318669999999999601e-04 5.981131245688554587e-01
9.451800000000000002e-04 5.967794978759894953e-01
9.584920000000000245e-04 5.953929105090736140e-01
9.718049999999999562e-04 5.939470969021439783e-01
9.851169999999999805e-04 5.924387395357413322e-01
9.984289999999998964e-04 5.908597762204373938e-01
1.011739999999999905e-03 5.892025069097589496e-01
1.025050000000000006e-03 5.874568444174461668e-01
1.038370000000000048e-03 5.856086548360215360e-01
1.051679999999999933e-03 5.836489945223221065e-01
1.064990000000000034e-03 5.815599746956634508e-01
1.078299999999999918e-03 5.793295794591697412e-01
1.091619999999999960e-03 5.769386264263662856e-01
1.104930000000000061e-03 5.743804430408807615e-01
1.118239999999999946e-03 5.716393814163419629e-01
1.131550000000000047e-03 5.687091675678637159e-01
1.144870000000000089e-03 5.655820942078975122e-01
1.158179999999999973e-03 5.622621474166193956e-01
1.171490000000000075e-03 5.587528712296179201e-01
1.184799999999999959e-03 5.550589417687127325e-01
1.198120000000000001e-03 5.511936558277976683e-01
1.211430000000000102e-03 5.471706569810954601e-01
1.224739999999999987e-03 5.430075102614186910e-01
1.238050000000000088e-03 5.387113720897995783e-01
1.251359999999999972e-03 5.342984126665775158e-01
1.264680000000000014e-03 5.297676633696496440e-01
1.277989999999999899e-03 5.251299655437687841e-01
1.291300000000000000e-03 5.203772750693465010e-01
1.304610000000000101e-03 5.154984776163979987e-01
1.317929999999999926e-03 5.104788566819671303e-01
1.331240000000000027e-03 5.053034189937444243e-01
1.344549999999999912e-03 4.999543923032417347e-01
1.357860000000000013e-03 4.944068353113797998e-01
1.371180000000000055e-03 4.886442182054408501e-01
1.384489999999999939e-03 4.826580541610923092e-01
1.397800000000000041e-03 4.764373421526199581e-01
1.411109999999999925e-03 4.699794984728514757e-01
1.424429999999999967e-03 4.632801488593452643e-01
1.437740000000000068e-03 4.563621011617182699e-01
1.451049999999999953e-03 4.492269594192839777e-01
1.464360000000000054e-03 4.418981779242073804e-01
1.477680000000000096e-03 4.343800416488318161e-01
1.490989999999999980e-03 4.267110679875371626e-01
1.504300000000000082e-03 4.188954128281298095e-01
1.517609999999999966e-03 4.109582560242800442e-01
1.530930000000000008e-03 4.029013036396171255e-01
1.544239999999999892e-03 3.947570091578487816e-01
1.557549999999999994e-03 3.865241075682685490e-01
1.570860000000000095e-03 3.782181488028345528e-01
1.584169999999999979e-03 3.698414355940812803e-01
1.597490000000000021e-03 3.613994397445070561e-01
1.610799999999999906e-03 3.529052231633890702e-01
1.624110000000000007e-03 3.443610871736924595e-01
1.637420000000000108e-03 3.357660382613179006e-01
1.650739999999999933e-03 3.271194589580957990e-01
1.664050000000000034e-03 3.184320161210793532e-01
1.677359999999999919e-03 3.097008150549025451e-01
1.690670000000000020e-03 3.009229268193890916e-01
1.703990000000000062e-03 2.920947508667472436e-01
1.717299999999999946e-03 2.832268470813428252e-01
1.730610000000000048e-03 2.743174349549221125e-01
1.743919999999999932e-03 2.653650763622675823e-01
1.757239999999999974e-03 2.563715770364273228e-01
1.770550000000000075e-03 2.473510651625401291e-01
1.783859999999999960e-03 2.383093226949933585e-01
1.797170000000000061e-03 2.292491903372861906e-01
1.810490000000000103e-03 2.201797095471263455e-01
1.823799999999999987e-03 2.111189501972312588e-01
1.837110000000000088e-03 2.020779425320766431e-01
1.850419999999999973e-03 1.930629159756145907e-01
1.863730000000000074e-03 1.840992028426228777e-01
1.877049999999999899e-03 1.751809959826877983e-01
1.890360000000000000e-03 1.663454485733869281e-01
1.903670000000000102e-03 1.576009944091044390e-01
1.916979999999999986e-03 1.489731050772259147e-01
1.930300000000000028e-03 1.404685665513119297e-01
1.943609999999999912e-03 1.321301960674814147e-01
1.956920000000000014e-03 1.239667038793140358e-01
1.970229999999999898e-03 1.160093509188283856e-01
1.983550000000000157e-03 1.082675512548549601e-01
1.996860000000000041e-03 1.007821784719737518e-01
2.010169999999999926e-03 9.356083895067415779e-02
2.023479999999999810e-03 8.662718739627749132e-02
2.036800000000000069e-03 7.998611086977014395e-02
2.050109999999999953e-03 7.366257379062408905e-02
2.063419999999999838e-03 6.765646146445454534e-02
2.076730000000000156e-03 6.197283554491200830e-02
2.090049999999999981e-03 5.660668114560383352e-02
2.103359999999999865e-03 5.156176466470940162e-02
2.116670000000000183e-03 4.682780789094170837e-02
2.129980000000000068e-03 4.239387414975265972e-02
2.143299999999999893e-03 3.824696361848513998e-02
2.156610000000000211e-03 3.437972712471552145e-02
2.169920000000000095e-03 3.077804877342532955e-02
2.183229999999999980e-03 2.742940192472125005e-02
2.196539999999999864e-03 2.432378150731748928e-02
2.209860000000000123e-03 2.144957854447687717e-02
2.223170000000000007e-03 1.880307120206274260e-02
2.236479999999999892e-03 1.637538861857091438e-02
2.249790000000000210e-03 1.416013015816470350e-02
2.263110000000000035e-03 1.214970882340672513e-02
2.276419999999999919e-03 1.034103356932415847e-02
2.289729999999999804e-03 8.725033727907042028e-03
2.303040000000000122e-03 7.294422890537238628e-03
2.316359999999999947e-03 6.037904693861255098e-03
2.329669999999999831e-03 4.948075900942804431e-03
2.342980000000000149e-03 4.011038351942206905e-03
2.356290000000000034e-03 3.215563207464514593e-03
2.369609999999999859e-03 2.546614120358219047e-03
2.382920000000000177e-03 1.992836141216580963e-03
2.396230000000000061e-03 1.539149859155319227e-03
2.409539999999999946e-03 1.173161693066420699e-03
2.422860000000000204e-03 8.813458782412736088e-04
2.436170000000000089e-03 6.527682549564149976e-04
2.449479999999999973e-03 4.761489864843798290e-04
2.462789999999999858e-03 3.418904231543581462e-04
2.476100000000000176e-03 2.415614034299054221e-04
2.489420000000000001e-03 1.676823491589679311e-04
2.502729999999999885e-03 1.144788985342235177e-04
2.516040000000000203e-03 7.664020983107425341e-05
2.529350000000000088e-03 5.041897380974413005e-05
2.542669999999999913e-03 3.239553125963189853e-05
2.555979999999999797e-03 2.042838991171974452e-05
2.569290000000000115e-03 1.249455240093979566e-05
2.582600000000000000e-03 7.454126445951686012e-06
2.595919999999999825e-03 4.225755296618278880e-06
2.609230000000000143e-03 2.271387981974080578e-06
2.622540000000000027e-03 1.063559262480376418e-06
2.635849999999999912e-03 4.000206030186907034e-07
2.649170000000000171e-03 0.000000000000000000e+00
