1.331239999999999980e-05 3.766724855849948206e+00
2.662479999999999960e-05 3.766715078905756631e+00
3.993720000000000110e-05 3.766724855849902909e+00
5.324959999999999920e-05 3.766715078905662928e+00
6.656200000000000408e-05 3.766724855849694631e+00
7.987440000000000219e-05 3.766715078905174874e+00
9.318669999999999330e-05 3.766724855848553322e+00
1.064989999999999980e-04 3.766715078902449942e+00
1.198119999999999974e-04 3.766724855842147335e+00
1.331240000000000082e-04 3.766715078887363344e+00
1.464360000000000054e-04 3.766724855807198846e+00
1.597489999999999913e-04 3.766715078807114203e+00
1.730609999999999885e-04 3.766724855625701807e+00
1.863730000000000128e-04 3.766715078403483297e+00
1.996859999999999987e-04 3.766724854739051054e+00
2.129979999999999959e-04 3.766715076500426918e+00
2.263110000000000089e-04 3.766724850693143889e+00
2.396230000000000061e-04 3.766715068136495592e+00
2.529349999999999763e-04 3.766724833526049920e+00
2.662480000000000163e-04 3.766715033993161654e+00
2.795599999999999865e-04 3.766724765992012447e+00
2.928730000000000265e-04 3.766714904867439984e+00
3.061849999999999967e-04 3.766724520231827356e+00
3.194970000000000210e-04 3.766714453279460084e+00
3.328100000000000069e-04 3.766723693848385679e+00
3.461219999999999770e-04 3.766712993099502249e+00
3.594350000000000171e-04 3.766721117850850398e+00
3.727469999999999872e-04 3.766708583905812091e+00
3.860590000000000115e-04 3.766713705116328192e+00
3.993719999999999974e-04 3.766696404781237462e+00
4.126840000000000217e-04 3.766694101129239414e+00
4.259970000000000076e-04 3.766665490148496165e+00
4.393089999999999777e-04 3.766646430401162426e+00
4.526210000000000021e-04 3.766593381833808873e+00
4.659339999999999879e-04 3.766539855706362072e+00
4.792460000000000123e-04 3.766438805032269244e+00
4.925590000000000523e-04 3.766320828728586978e+00
5.058709999999999683e-04 3.766134270960981301e+00
5.191829999999999926e-04 3.765907046799311431e+00
5.324960000000000327e-04 3.765582781047178695e+00
5.458079999999999486e-04 3.765188328627839365e+00
5.591199999999999729e-04 3.764664641660463218e+00
5.724330000000000130e-04 3.764040439764030133e+00
5.857450000000000373e-04 3.763258743509234172e+00
5.990579999999999690e-04 3.762354071178219517e+00
6.123699999999999933e-04 3.761277825686390575e+00
6.256820000000000177e-04 3.760073649266537643e+00
6.389949999999999493e-04 3.758706788177122782e+00
6.523069999999999737e-04 3.757230875567809658e+00
6.656200000000000137e-04 3.755626941477156588e+00
6.789320000000000381e-04 3.753955276674028951e+00
6.922439999999999540e-04 3.752208544486545172e+00
7.055569999999999941e-04 3.750446078246397974e+00
7.188690000000000184e-04 3.748660352132917151e+00
7.321819999999999501e-04 3.746910703881483506e+00
7.454939999999999744e-04 3.745180851100636144e+00
7.588059999999999987e-04 3.743497854522656709e+00
7.721190000000000388e-04 3.741832607516212494e+00
7.854309999999999547e-04 3.740207570757793309e+00
7.987439999999999948e-04 3.738569861409827499e+00
8.120560000000000191e-04 3.736904760290971517e+00
8.253680000000000435e-04 3.735151887693222594e+00
8.386809999999999751e-04 3.733287038822113768e+00
8.519929999999999995e-04 3.731233630566777482e+00
8.653050000000000238e-04 3.728965103603536058e+00
8.786179999999999555e-04 3.726398329320446123e+00
8.919299999999999798e-04 3.723510636484590464e+00
9.052430000000000199e-04 3.720222657795101640e+00
9.185550000000000442e-04 3.716519763506453966e+00
9.318669999999999601e-04 3.712335226830114632e+00
9.451800000000000002e-04 3.707664384258384516e+00
9.584920000000000245e-04 3.702459901157961752e+00
9.718049999999999562e-04 3.696728297482636982e+00
9.851169999999999805e-04 3.690442962578863284e+00
9.984289999999998964e-04 3.683620926683361940e+00
1.011739999999999905e-03 3.676253260861351180e+00
1.025050000000000006e-03 3.668364134079732608e+00
1.038370000000000048e-03 3.659948327573403937e+00
1.051679999999999933e-03 3.651045037149241335e+00
1.064990000000000034e-03 3.641651494711945158e+00
1.078299999999999918e-03 3.631792536856984555e+00
1.091619999999999960e-03 3.621458518599788068e+00
1.104930000000000061e-03 3.610685087209451360e+00
1.118239999999999946e-03 3.599451311626502559e+00
1.131550000000000047e-03 3.587770888932461322e+00
1.144870000000000089e-03 3.575607320497832475e+00
1.158179999999999973e-03 3.562985242846050227e+00
1.171490000000000075e-03 3.549850578468712214e+00
1.184799999999999959e-03 3.536201663624144675e+00
1.198120000000000001e-03 3.521963896884257483e+00
1.211430000000000102e-03 3.507148798969294212e+00
1.224739999999999987e-03 3.491662103162569419e+00
1.238050000000000088e-03 3.475487549894715311e+00
1.251359999999999972e-03 3.458526425361532208e+00
1.264680000000000014e-03 3.440746214586063889e+00
1.277989999999999899e-03 3.422069648236473416e+00
1.291300000000000000e-03 3.402466107105567517e+00
1.304610000000000101e-03 3.381838966270013902e+00
1.317929999999999926e-03 3.360162658577229067e+00
1.331240000000000027e-03 3.337392056368942761e+00
1.344549999999999912e-03 3.313512100176834618e+00
1.357860000000000013e-03 3.288469421090810751e+00
1.371180000000000055e-03 3.262257031034115684e+00
1.384489999999999939e-03 3.234882725932723080e+00
1.397800000000000041e-03 3.206347170463399898e+00
1.411109999999999925e-03 3.176632881931666041e+00
1.424429999999999967e-03 3.145742295519740495e+00
1.437740000000000068e-03 3.113712573919066084e+00
1.451049999999999953e-03 3.080549002652384516e+00
1.464360000000000054e-03 3.046252222676784971e+00
1.477680000000000096e-03 3.010829871377667111e+00
1.490989999999999980e-03 2.974354585907036164e+00
1.504300000000000082e-03 2.936842542375385445e+00
1.517609999999999966e-03 2.898340177873151458e+00
1.530930000000000008e-03 2.858872209107136353e+00
1.544239999999999892e-03 2.818570156537743898e+00
1.557549999999999994e-03 2.777465522909207341e+00
1.570860000000000095e-03 2.735641048279621845e+00
1.584169999999999979e-03 2.693156777469898788e+00
1.597490000000000021e-03 2.650049477225634220e+00
1.610799999999999906e-03 2.606432845001162235e+00
1.624110000000000007e-03 2.562310096548755745e+00
1.637420000000000108e-03 2.517712544728201163e+00
1.650739999999999933e-03 2.472605459365945890e+00
1.664050000000000034e-03 2.427071301217389010e+00
1.677359999999999919e-03 2.381050731781761964e+00
1.690670000000000020e-03 2.334550144997892929e+00
1.703990000000000062e-03 2.287506214954722505e+00
1.717299999999999946e-03 2.239998175172391637e+00
1.730610000000000048e-03 2.191977731407909413e+00
1.743919999999999932e-03 2.143463175353226724e+00
1.757239999999999974e-03 2.094428721307549424e+00
1.770550000000000075e-03 2.044978544545625887e+00
1.783859999999999960e-03 1.995107375274812966e+00
1.797170000000000061e-03 1.944856034608903883e+00
1.810490000000000103e-03 1.894232635630522577e+00
1.823799999999999987e-03 1.843360587710185516e+00
1.837110000000000088e-03 1.792255950619871419e+00
1.850419999999999973e-03 1.740969802936058297e+00
1.863730000000000074e-03 1.689562126502208939e+00
1.877049999999999899e-03 1.638047555434610780e+00
1.890360000000000000e-03 1.586568073040120375e+00
1.903670000000000102e-03 1.535138729019033477e+00
1.916979999999999986e-03 1.483825897580173692e+00
1.930300000000000028e-03 1.432644136433643745e+00
1.943609999999999912e-03 1.381730892645604447e+00
1.956920000000000014e-03 1.331098419984535042e+00
1.970229999999999898e-03 1.280820334844617436e+00
1.983550000000000157e-03 1.230874496664921214e+00
1.996860000000000041e-03 1.181389295833029651e+00
2.010169999999999926e-03 1.132367084010155622e+00
2.023479999999999810e-03 1.083845452627818950e+00
2.036800000000000069e-03 1.035812522813366554e+00
2.050109999999999953e-03 9.883726441409478314e-01
2.063419999999999838e-03 9.415104095765242098e-01
2.076730000000000156e-03 8.952568470304291814e-01
2.090049999999999981e-03 8.495981553266532815e-01
2.103359999999999865e-03 8.046423501242543352e-01
2.116670000000000183e-03 7.603813779172097220e-01
2.129980000000000068e-03 7.168755806646088802e-01
2.143299999999999893e-03 6.741325295225660819e-01
2.156610000000000211e-03 6.323066942007313784e-01
2.169920000000000095e-03 5.914241918648814877e-01
2.183229999999999980e-03 5.516033701020555124e-01
2.196539999999999864e-03 5.129189127658664304e-01
2.209860000000000123e-03 4.754723572532148501e-01
2.223170000000000007e-03 4.393990750035992043e-01
2.236479999999999892e-03 4.047846818387912937e-01
2.249790000000000210e-03 3.716948796743178574e-01
2.263110000000000035e-03 3.401786593959656435e-01
2.276419999999999919e-03 3.103191874893179159e-01
2.289729999999999804e-03 2.821146458249646494e-01
2.303040000000000122e-03 2.555641403819425839e-01
2.316359999999999947e-03 2.306275739979273265e-01
2.329669999999999831e-03 2.073104070051817460e-01
2.342980000000000149e-03 1.855496798013570314e-01
2.356290000000000034e-03 1.652959794630425028e-01
2.369609999999999859e-03 1.464868804357673249e-01
2.382920000000000177e-03 1.290978904214730438e-01
2.396230000000000061e-03 1.130734237351708193e-01
2.409539999999999946e-03 9.836504057727359085e-02
2.422860000000000204e-03 8.492721422176861823e-02
2.436170000000000089e-03 7.273568172603885051e-02
2.449479999999999973e-03 6.174412359611785445e-02
2.462789999999999858e-03 5.190656226395051059e-02
2.476100000000000176e-03 4.317737901657105887e-02
2.489420000000000001e-03 3.549743947592981508e-02
2.502729999999999885e-03 2.881819062704285561e-02
2.516040000000000203e-03 2.306988857144212993e-02
2.529350000000000088e-03 1.817908700678485395e-02
2.542669999999999913e-03 1.406822354841111289e-02
2.555979999999999797e-03 1.066240442615377926e-02
2.569290000000000115e-03 7.878560705524603747e-03
2.582600000000000000e-03 5.636280134001083256e-03
2.595919999999999825e-03 3.855460076206983656e-03
2.609230000000000143e-03 2.466998904668532121e-03
2.622540000000000027e-03 1.399320368105895929e-03
2.635849999999999912e-03 6.004163508459924416e-04
2.649170000000000171e-03 0.000000000000000000e+00
