1.331239999999999980e-05 1.074025273581411284e+03
2.662479999999999960e-05 1.066675962158008588e+03
3.993720000000000110e-05 1.061498203581411190e+03
5.324959999999999920e-05 1.057081737158008536e+03
6.656200000000000408e-05 1.052993836914744406e+03
7.987440000000000219e-05 1.049037928824675191e+03
9.318669999999999330e-05 1.045106445945345740e+03
1.064989999999999980e-04 1.041130466377053153e+03
1.198119999999999974e-04 1.037065715924290544e+03
1.331240000000000082e-04 1.032877932140131406e+03
1.464360000000000054e-04 1.028545170094572768e+03
1.597489999999999913e-04 1.024046392070862794e+03
1.730609999999999885e-04 1.019372120714124662e+03
1.863730000000000128e-04 1.014509278970217110e+03
1.996859999999999987e-04 1.009454812984240675e+03
2.129979999999999959e-04 1.004202673099058757e+03
2.263110000000000089e-04 9.987547432743785976e+02
2.396230000000000061e-04 9.931099890068888953e+02
2.529349999999999763e-04 9.872744985229664962e+02
2.662480000000000163e-04 9.812499288628403065e+02
2.795599999999999865e-04 9.750460543161060514e+02
2.928730000000000265e-04 9.686669018330908330e+02
3.061849999999999967e-04 9.621230149322631178e+02
3.194970000000000210e-04 9.554201266403689488e+02
3.328100000000000069e-04 9.485664129197222110e+02
3.461219999999999770e-04 9.415687720728878958e+02
3.594350000000000171e-04 9.344326723737805196e+02
3.727469999999999872e-04 9.271630270846771964e+02
3.860590000000000115e-04 9.197628669337976817e+02
3.993719999999999974e-04 9.122323407300748386e+02
4.126840000000000217e-04 9.045732157568917273e+02
4.259970000000000076e-04 8.967813830243890152e+02
4.393089999999999777e-04 8.888563088956439060e+02
4.526210000000000021e-04 8.807912613960489807e+02
4.659339999999999879e-04 8.725825988099300048e+02
4.792460000000000123e-04 8.642234592486737483e+02
4.925590000000000523e-04 8.557095211453236061e+02
5.058709999999999683e-04 8.470337179673990704e+02
5.191829999999999926e-04 8.381935709509239132e+02
5.324960000000000327e-04 8.291815959379453034e+02
5.458079999999999486e-04 8.199996366081527412e+02
5.591199999999999729e-04 8.106432524072515662e+02
5.724330000000000130e-04 8.011151087515020208e+02
5.857450000000000373e-04 7.914170500477631549e+02
5.990579999999999690e-04 7.815538257656779706e+02
6.123699999999999933e-04 7.715319077379488135e+02
6.256820000000000177e-04 7.613591577566783144e+02
6.389949999999999493e-04 7.510438914213867747e+02
6.523069999999999737e-04 7.405978401485490394e+02
6.656200000000000137e-04 7.300315016277673976e+02
6.789320000000000381e-04 7.193571295876886325e+02
6.922439999999999540e-04 7.085874678890810401e+02
7.055569999999999941e-04 6.977318695227412491e+02
7.188690000000000184e-04 6.868054123374947721e+02
7.321819999999999501e-04 6.758152924271670372e+02
7.454939999999999744e-04 6.647752422672911052e+02
7.588059999999999987e-04 6.536915851894798379e+02
7.721190000000000388e-04 6.425734713097026543e+02
7.854309999999999547e-04 6.314280857078333611e+02
7.987439999999999948e-04 6.202615399051923077e+02
8.120560000000000191e-04 6.090797474661010256e+02
8.253680000000000435e-04 5.978879347128111021e+02
8.386809999999999751e-04 5.866886757918177864e+02
8.519929999999999995e-04 5.754888407996398882e+02
8.653050000000000238e-04 5.642906232919647209e+02
8.786179999999999555e-04 5.530982598801250560e+02
8.919299999999999798e-04 5.419165222937659792e+02
9.052430000000000199e-04 5.307493081700780522e+02
9.185550000000000442e-04 5.196016297964147270e+02
9.318669999999999601e-04 5.084790462644831450e+02
9.451800000000000002e-04 4.973844333393490160e+02
9.584920000000000245e-04 4.863268433532886661e+02
9.718049999999999562e-04 4.753086046793789592e+02
9.851169999999999805e-04 4.643397862388106887e+02
9.984289999999998964e-04 4.534237756710651865e+02
1.011739999999999905e-03 4.425706887756078913e+02
1.025050000000000006e-03 4.317849038143460803e+02
1.038370000000000048e-03 4.210676635785590065e+02
1.051679999999999933e-03 4.104395331172433998e+02
1.064990000000000034e-03 3.999029896761351210e+02
1.078299999999999918e-03 3.894621088658340682e+02
1.091619999999999960e-03 3.791189413366104191e+02
1.104930000000000061e-03 3.688960560412771770e+02
1.118239999999999946e-03 3.588003665398108524e+02
1.131550000000000047e-03 3.488240803520395161e+02
1.144870000000000089e-03 3.389760497411052711e+02
1.158179999999999973e-03 3.292755861659481411e+02
1.171490000000000075e-03 3.197238394017536507e+02
1.184799999999999959e-03 3.103229053379681091e+02
1.198120000000000001e-03 3.010742377116382613e+02
1.211430000000000102e-03 2.919931166515626160e+02
1.224739999999999987e-03 2.830794443652446262e+02
1.238050000000000088e-03 2.743336216975768025e+02
1.251359999999999972e-03 2.657607721078284158e+02
1.264680000000000014e-03 2.573540378661590466e+02
1.277989999999999899e-03 2.491292055443008167e+02
1.291300000000000000e-03 2.410784544992677070e+02
1.304610000000000101e-03 2.332030253347240603e+02
1.317929999999999926e-03 2.254948428813739554e+02
1.331240000000000027e-03 2.179650185882076698e+02
1.344549999999999912e-03 2.106048575615139669e+02
1.357860000000000013e-03 2.034126948835932467e+02
1.371180000000000055e-03 1.963800926754933016e+02
1.384489999999999939e-03 1.895154067469202062e+02
1.397800000000000041e-03 1.828102372537871929e+02
1.411109999999999925e-03 1.762625726183728716e+02
1.424429999999999967e-03 1.698648930225011213e+02
1.437740000000000068e-03 1.636255849722167852e+02
1.451049999999999953e-03 1.575376946582133257e+02
1.464360000000000054e-03 1.516010650240558277e+02
1.477680000000000096e-03 1.458098228338334081e+02
1.490989999999999980e-03 1.401734814358705989e+02
1.504300000000000082e-03 1.346866229496359892e+02
1.517609999999999966e-03 1.293505791493304855e+02
1.530930000000000008e-03 1.241605825144310984e+02
1.544239999999999892e-03 1.191256518091868344e+02
1.557549999999999994e-03 1.142409068433507286e+02
1.570860000000000095e-03 1.095068270097896317e+02
1.584169999999999979e-03 1.049220762235295012e+02
1.597490000000000021e-03 1.004827384441197040e+02
1.610799999999999906e-03 9.619356104421824227e+01
1.624110000000000007e-03 9.204952424795393995e+01
1.637420000000000108e-03 8.804813773327038007e+01
1.650739999999999933e-03 8.418390289994130171e+01
1.664050000000000034e-03 8.045971066165331820e+01
1.677359999999999919e-03 7.686951512226887928e+01
1.690670000000000020e-03 7.341016582785097455e+01
1.703990000000000062e-03 7.007585340090156478e+01
1.717299999999999946e-03 6.686838575806847018e+01
1.730610000000000048e-03 6.378207680227208698e+01
1.743919999999999932e-03 6.081379077091536089e+01
1.757239999999999974e-03 5.795842280709049987e+01
1.770550000000000075e-03 5.521723189188163161e+01
1.783859999999999960e-03 5.258529034330236129e+01
1.797170000000000061e-03 5.005963573645443176e+01
1.810490000000000103e-03 4.763566548914301535e+01
1.823799999999999987e-03 4.531404080260148959e+01
1.837110000000000088e-03 4.309000121830451491e+01
1.850419999999999973e-03 4.096046076200991592e+01
1.863730000000000074e-03 3.892217493402255712e+01
1.877049999999999899e-03 3.697048540936529548e+01
1.890360000000000000e-03 3.510471756603078575e+01
1.903670000000000102e-03 3.332014649784508720e+01
1.916979999999999986e-03 3.161292411617989373e+01
1.930300000000000028e-03 2.997856366177501286e+01
1.943609999999999912e-03 2.841566999070352040e+01
1.956920000000000014e-03 2.691989548330668214e+01
1.970229999999999898e-03 2.548764648346181971e+01
1.983550000000000157e-03 2.411505501321893874e+01
1.996860000000000041e-03 2.280110181028607741e+01
2.010169999999999926e-03 2.154232277884857538e+01
2.023479999999999810e-03 2.033631228716675565e+01
2.036800000000000069e-03 1.918021963376663663e+01
2.050109999999999953e-03 1.807404728496203461e+01
2.063419999999999838e-03 1.701540018219504091e+01
2.076730000000000156e-03 1.600306046740293198e+01
2.090049999999999981e-03 1.503512033789271385e+01
2.103359999999999865e-03 1.411209006677428945e+01
2.116670000000000183e-03 1.323228059868066708e+01
2.129980000000000068e-03 1.239476405914085433e+01
2.143299999999999893e-03 1.159800812311229912e+01
2.156610000000000211e-03 1.084209715222334403e+01
2.169920000000000095e-03 1.012541992722997541e+01
2.183229999999999980e-03 9.446575395571688460e+00
2.196539999999999864e-03 8.804385405213047022e+00
2.209860000000000123e-03 8.196745018078805955e+00
2.223170000000000007e-03 7.623205135812886724e+00
2.236479999999999892e-03 7.081523587587443380e+00
2.249790000000000210e-03 6.570237098617139004e+00
2.263110000000000035e-03 6.087186087311344806e+00
2.276419999999999919e-03 5.631627712618198167e+00
2.289729999999999804e-03 5.201540455400706975e+00
2.303040000000000122e-03 4.795547548992814768e+00
2.316359999999999947e-03 4.411933187246575905e+00
2.329669999999999831e-03 4.050061163580336299e+00
2.342980000000000149e-03 3.708501839360827113e+00
2.356290000000000034e-03 3.386241487970823805e+00
2.369609999999999859e-03 3.082186106540221626e+00
2.382920000000000177e-03 2.795977202816257279e+00
2.396230000000000061e-03 2.526760197173668399e+00
2.409539999999999946e-03 2.273888577461048666e+00
2.422860000000000204e-03 2.036725422682382991e+00
2.436170000000000089e-03 1.815101088957910447e+00
2.449479999999999973e-03 1.608478293086450517e+00
2.462789999999999858e-03 1.416398908006942792e+00
2.476100000000000176e-03 1.238527703932516877e+00
2.489420000000000001e-03 1.074305401004020721e+00
2.502729999999999885e-03 9.236037002512149652e-01
2.516040000000000203e-03 7.858468144282243495e-01
2.529350000000000088e-03 6.605834316187796373e-01
2.542669999999999913e-03 5.472209373167051805e-01
2.555979999999999797e-03 4.453871697344755076e-01
2.569290000000000115e-03 3.544222688926472742e-01
2.582600000000000000e-03 2.736963575763913248e-01
2.595919999999999825e-03 2.025135249265950788e-01
2.609230000000000143e-03 1.402877053098295079e-01
2.622540000000000027e-03 8.627615595101602308e-02
2.635849999999999912e-03 3.981800790303028498e-02
2.649170000000000171e-03 0.000000000000000000e+00
