1.331239999999999980e-05 1.044135184977581048e+03
2.662479999999999960e-05 1.039400703541065241e+03
3.993720000000000110e-05 1.035992091644247694e+03
5.324959999999999920e-05 1.033030633541065299e+03
6.656200000000000408e-05 1.030241598310914469e+03
7.987440000000000219e-05 1.027501671874398653e+03
9.318669999999999330e-05 1.024739761885187363e+03
1.064989999999999980e-04 1.021912440810537191e+03
1.198119999999999974e-04 1.018988845412081787e+03
1.331240000000000082e-04 1.015947631220915127e+03
1.464360000000000054e-04 1.012772274250610280e+03
1.597489999999999913e-04 1.009449808251871787e+03
1.730609999999999885e-04 1.005971338006749306e+03
1.863730000000000128e-04 1.002328568347425062e+03
1.996859999999999987e-04 9.985153641157407947e+02
2.129979999999999959e-04 9.945268516391898856e+02
2.263110000000000089e-04 9.903580387569139702e+02
2.396230000000000061e-04 9.860051626714547410e+02
2.529349999999999763e-04 9.814636425156403448e+02
2.662480000000000163e-04 9.767285845142974949e+02
2.795599999999999865e-04 9.717958795122119682e+02
2.928730000000000265e-04 9.666592431985950498e+02
3.061849999999999967e-04 9.613138984560748668e+02
3.194970000000000210e-04 9.557527529312717434e+02
3.328100000000000069e-04 9.499695651891544230e+02
3.461219999999999770e-04 9.439577124739377041e+02
3.594350000000000171e-04 9.377109654790108380e+02
3.727469999999999872e-04 9.312229760479350489e+02
3.860590000000000115e-04 9.244893265922214596e+02
3.993719999999999974e-04 9.175036648305085691e+02
4.126840000000000217e-04 9.102654208095152626e+02
4.259970000000000076e-04 9.027702433827593040e+02
4.393089999999999777e-04 8.950205106631240142e+02
4.526210000000000021e-04 8.870159151363500314e+02
4.659339999999999879e-04 8.787600641822263015e+02
4.792460000000000123e-04 8.702585096537288791e+02
4.925590000000000523e-04 8.615168189196882622e+02
5.058709999999999683e-04 8.525446995225887576e+02
5.191829999999999926e-04 8.433503687619278253e+02
5.324960000000000327e-04 8.339451372186316576e+02
5.458079999999999486e-04 8.243407204280931637e+02
5.591199999999999729e-04 8.145512278752941029e+02
5.724330000000000130e-04 8.045870506697772271e+02
5.857450000000000373e-04 7.944665151162481607e+02
5.990579999999999690e-04 7.841992952184291426e+02
6.123699999999999933e-04 7.738050737560671450e+02
6.256820000000000177e-04 7.632937519031387410e+02
6.389949999999999493e-04 7.526831110059522416e+02
6.523069999999999737e-04 7.419844404476888258e+02
6.656200000000000137e-04 7.312141915480855232e+02
6.789320000000000381e-04 7.203822463477879410e+02
6.922439999999999540e-04 7.095043904594392643e+02
7.055569999999999941e-04 6.985861113089561059e+02
7.188690000000000184e-04 6.876432753789348453e+02
7.321819999999999501e-04 6.766782274925777756e+02
7.454939999999999744e-04 6.657037112553975930e+02
7.588059999999999987e-04 6.547204706364547064e+02
7.721190000000000388e-04 6.437352753827013885e+02
7.854309999999999547e-04 6.327493314316029682e+02
7.987439999999999948e-04 6.217654546414239576e+02
8.120560000000000191e-04 6.107835414799227465e+02
8.253680000000000435e-04 5.998053271987699873e+02
8.386809999999999751e-04 5.888279641271332139e+02
8.519929999999999995e-04 5.778556378792571877e+02
8.653050000000000238e-04 5.668862978022943935e+02
8.786179999999999555e-04 5.559235936504430811e+02
8.919299999999999798e-04 5.449696129974469159e+02
9.052430000000000199e-04 5.340305920563985183e+02
9.185550000000000442e-04 5.231105002717351908e+02
9.318669999999999601e-04 5.122202843952985631e+02
9.451800000000000002e-04 5.013629497541512592e+02
9.584920000000000245e-04 4.905550135188074137e+02
9.718049999999999562e-04 4.797991807811483227e+02
9.851169999999999805e-04 4.691132015189298272e+02
9.984289999999998964e-04 4.584999459496281702e+02
1.011739999999999905e-03 4.479752883467893980e+02
1.025050000000000006e-03 4.375412088143427809e+02
1.038370000000000048e-03 4.272012169960819392e+02
1.051679999999999933e-03 4.169706243295341892e+02
1.064990000000000034e-03 4.068495132514556758e+02
1.078299999999999918e-03 3.968355177143796482e+02
1.091619999999999960e-03 3.869252001641415291e+02
1.104930000000000061e-03 3.771295072467353862e+02
1.118239999999999946e-03 3.674423052841063964e+02
1.131550000000000047e-03 3.578590237537470102e+02
1.144870000000000089e-03 3.483732501904385117e+02
1.158179999999999973e-03 3.389948966105483805e+02
1.171490000000000075e-03 3.297184605364406025e+02
1.184799999999999959e-03 3.205415192634648633e+02
1.198120000000000001e-03 3.114632477452207695e+02
1.211430000000000102e-03 3.024920116890407940e+02
1.224739999999999987e-03 2.936290577859947462e+02
1.238050000000000088e-03 2.848772200844138069e+02
1.251359999999999972e-03 2.762440949056231148e+02
1.264680000000000014e-03 2.677260583875435600e+02
1.277989999999999899e-03 2.593456915972998331e+02
1.291300000000000000e-03 2.510996515767673145e+02
1.304610000000000101e-03 2.429979060391503936e+02
1.317929999999999926e-03 2.350371065972948657e+02
1.331240000000000027e-03 2.272378845556336557e+02
1.344549999999999912e-03 2.195958308967785797e+02
1.357860000000000013e-03 2.121172957877138856e+02
1.371180000000000055e-03 2.047970591511356417e+02
1.384489999999999939e-03 1.976496265861532322e+02
1.397800000000000041e-03 1.906684066867320837e+02
1.411109999999999925e-03 1.838542377556662757e+02
1.424429999999999967e-03 1.771999540871739782e+02
1.437740000000000068e-03 1.707143122496588603e+02
1.451049999999999953e-03 1.643894381592045590e+02
1.464360000000000054e-03 1.582229258325514252e+02
1.477680000000000096e-03 1.522071665216811311e+02
1.490989999999999980e-03 1.463485248981912434e+02
1.504300000000000082e-03 1.406395307578808911e+02
1.517609999999999966e-03 1.350779653389204213e+02
1.530930000000000008e-03 1.296572304005208878e+02
1.544239999999999892e-03 1.243840717831008078e+02
1.557549999999999994e-03 1.192524116349738534e+02
1.570860000000000095e-03 1.142616716511402188e+02
1.584169999999999979e-03 1.094102978224070455e+02
1.597490000000000021e-03 1.046947732719348352e+02
1.610799999999999906e-03 1.001208167026379527e+02
1.624110000000000007e-03 9.568507426398500115e+01
1.637420000000000108e-03 9.138612728474846847e+01
1.650739999999999933e-03 8.722071604364457187e+01
1.664050000000000034e-03 8.319340532971746427e+01
1.677359999999999919e-03 7.930029668218752192e+01
1.690670000000000020e-03 7.553930200538930251e+01
1.703990000000000062e-03 7.190620646600794430e+01
1.717299999999999946e-03 6.840398275142638340e+01
1.730610000000000048e-03 6.502791356857059668e+01
1.743919999999999932e-03 6.177527503129740438e+01
1.757239999999999974e-03 5.864159408819822517e+01
1.770550000000000075e-03 5.562883462929810463e+01
1.783859999999999960e-03 5.273286494519971512e+01
1.797170000000000061e-03 4.995111684206139557e+01
1.810490000000000103e-03 4.728043335778210832e+01
1.823799999999999987e-03 4.472255435077340735e+01
1.837110000000000088e-03 4.227497718296680063e+01
1.850419999999999973e-03 3.993568866085657731e+01
1.863730000000000074e-03 3.770449659494556016e+01
1.877049999999999899e-03 3.557790902970260305e+01
1.890360000000000000e-03 3.355861561747592248e+01
1.903670000000000102e-03 3.164300244695819586e+01
1.916979999999999986e-03 2.982963577703816327e+01
1.930300000000000028e-03 2.811474597870436654e+01
1.943609999999999912e-03 2.649811417799969604e+01
1.956920000000000014e-03 2.497531992538382539e+01
1.970229999999999898e-03 2.354205920165708932e+01
1.983550000000000157e-03 2.219346370778449185e+01
1.996860000000000041e-03 2.092600123811860513e+01
2.010169999999999926e-03 1.973426803204837654e+01
2.023479999999999810e-03 1.861197706583142164e+01
2.036800000000000069e-03 1.755369823707649957e+01
2.050109999999999953e-03 1.655471495768958690e+01
2.063419999999999838e-03 1.560977557568469543e+01
2.076730000000000156e-03 1.471320980195425321e+01
2.090049999999999981e-03 1.386045495971875852e+01
2.103359999999999865e-03 1.304825351128354249e+01
2.116670000000000183e-03 1.227282764694130890e+01
2.129980000000000068e-03 1.153097784346372201e+01
2.143299999999999893e-03 1.081991710176078669e+01
2.156610000000000211e-03 1.013876930844615742e+01
2.169920000000000095e-03 9.485586410199744023e+00
2.183229999999999980e-03 8.859402161392706532e+00
2.196539999999999864e-03 8.259443953954811235e+00
2.209860000000000123e-03 7.684929496736677912e+00
2.223170000000000007e-03 7.136338697457349056e+00
2.236479999999999892e-03 6.613146688540843421e+00
2.249790000000000210e-03 6.115115660555842325e+00
2.263110000000000035e-03 5.641765591939257085e+00
2.276419999999999919e-03 5.193528833881575046e+00
2.289729999999999804e-03 4.769735039217322559e+00
2.303040000000000122e-03 4.369955596169614154e+00
2.316359999999999947e-03 3.993347109605285716e+00
2.329669999999999831e-03 3.639862828448373833e+00
2.342980000000000149e-03 3.308462829142989836e+00
2.356290000000000034e-03 2.998379359186146065e+00
2.369609999999999859e-03 2.708524385922139288e+00
2.382920000000000177e-03 2.438475495207387933e+00
2.396230000000000061e-03 2.187136707451445172e+00
2.409539999999999946e-03 1.953633643090612715e+00
2.422860000000000204e-03 1.736989530588172848e+00
2.436170000000000089e-03 1.536698510600568168e+00
2.449479999999999973e-03 1.351891105175714314e+00
2.462789999999999858e-03 1.181810620743815488e+00
2.476100000000000176e-03 1.025843990269263983e+00
2.489420000000000001e-03 8.832066351288273554e-01
2.502729999999999885e-03 7.535488163530931205e-01
2.516040000000000203e-03 6.361428578896606290e-01
2.529350000000000088e-03 5.304237334417715166e-01
2.542669999999999913e-03 4.357112555957718403e-01
2.555979999999999797e-03 3.515429820625041724e-01
2.569290000000000115e-03 2.772181191416566715e-01
2.582600000000000000e-03 2.120768193515136790e-01
2.595919999999999825e-03 1.554074718208358075e-01
2.609230000000000143e-03 1.065925673439600818e-01
2.622540000000000027e-03 6.489339622726009171e-02
2.635849999999999912e-03 2.965974860411163885e-02
2.649170000000000171e-03 0.000000000000000000e+00
