1.331239999999999980e-05 5.542817234384481253e+02
2.662479999999999960e-05 5.542773752685690170e+02
3.993720000000000110e-05 5.542728341517814670e+02
5.324959999999999920e-05 5.542681619819023808e+02
6.656200000000000408e-05 5.542620301784481853e+02
7.987440000000000219e-05 5.542548450719023094e+02
9.318669999999999330e-05 5.542450817278354407e+02
1.064989999999999980e-04 5.542330223211712337e+02
1.198119999999999974e-04 5.542167112794148807e+02
1.331240000000000082e-04 5.541961217525586108e+02
1.464360000000000054e-04 5.541686937899162331e+02
1.597489999999999913e-04 5.541338796638244730e+02
1.730609999999999885e-04 5.540883503889970143e+02
1.863730000000000128e-04 5.540308018763630571e+02
1.996859999999999987e-04 5.539569698521448800e+02
2.129979999999999959e-04 5.538645606442373719e+02
2.263110000000000089e-04 5.537482891335470185e+02
2.396230000000000061e-04 5.536046525845162023e+02
2.529349999999999763e-04 5.534273851406487665e+02
2.662480000000000163e-04 5.532116159213302353e+02
2.795599999999999865e-04 5.529503041773472205e+02
2.928730000000000265e-04 5.526372501174961371e+02
3.061849999999999967e-04 5.522649279380074177e+02
3.194970000000000210e-04 5.518260755593661315e+02
3.328100000000000069e-04 5.513130129727818485e+02
3.461219999999999770e-04 5.507179363625000406e+02
3.594350000000000171e-04 5.500335236384921700e+02
3.727469999999999872e-04 5.492519337998353421e+02
3.860590000000000115e-04 5.483668056692171149e+02
3.993719999999999974e-04 5.473706906881782288e+02
4.126840000000000217e-04 5.462587987370480960e+02
4.259970000000000076e-04 5.450247893551128300e+02
4.393089999999999777e-04 5.436655832123532264e+02
4.526210000000000021e-04 5.421766505562899283e+02
4.659339999999999879e-04 5.405563822897076989e+02
4.792460000000000123e-04 5.388026812491679038e+02
4.925590000000000523e-04 5.369154104148080933e+02
5.058709999999999683e-04 5.348946494168643540e+02
5.191829999999999926e-04 5.327415980291350479e+02
5.324960000000000327e-04 5.304576215543894477e+02
5.458079999999999486e-04 5.280449990957139335e+02
5.591199999999999729e-04 5.255059925296297934e+02
5.724330000000000130e-04 5.228421146623422828e+02
5.857450000000000373e-04 5.200559735422565382e+02
5.990579999999999690e-04 5.171477544367770633e+02
6.123699999999999933e-04 5.141185619608587558e+02
6.256820000000000177e-04 5.109671289106184418e+02
6.389949999999999493e-04 5.076911925633502847e+02
6.523069999999999737e-04 5.042883731667213851e+02
6.656200000000000137e-04 5.007529988632138043e+02
6.789320000000000381e-04 4.970811967071213076e+02
6.922439999999999540e-04 4.932646951848945491e+02
7.055569999999999941e-04 4.892980579684653435e+02
7.188690000000000184e-04 4.851723268619314808e+02
7.321819999999999501e-04 4.808820601960704835e+02
7.454939999999999744e-04 4.764186457190000397e+02
7.588059999999999987e-04 4.717783815101113873e+02
7.721190000000000388e-04 4.669539332430026661e+02
7.854309999999999547e-04 4.619450318198398691e+02
7.987439999999999948e-04 4.567478920897056014e+02
8.120560000000000191e-04 4.513651682575815016e+02
8.253680000000000435e-04 4.457983602576542239e+02
8.386809999999999751e-04 4.400516910957497316e+02
8.519929999999999995e-04 4.341329513308036212e+02
8.653050000000000238e-04 4.280485465431063403e+02
8.786179999999999555e-04 4.218092528894962356e+02
8.919299999999999798e-04 4.154242575037411029e+02
9.052430000000000199e-04 4.089067316472426228e+02
9.185550000000000442e-04 4.022664401841385029e+02
9.318669999999999601e-04 3.955184098787138396e+02
9.451800000000000002e-04 3.886706442452825740e+02
9.584920000000000245e-04 3.817397441231252628e+02
9.718049999999999562e-04 3.747323519349554886e+02
9.851169999999999805e-04 3.676642450967774494e+02
9.984289999999998964e-04 3.605414846085830050e+02
1.011739999999999905e-03 3.533779932468802372e+02
1.025050000000000006e-03 3.461792548982411404e+02
1.038370000000000048e-03 3.389513188487646289e+02
1.051679999999999933e-03 3.317095959340747413e+02
1.064990000000000034e-03 3.244593356969229490e+02
1.078299999999999918e-03 3.172043810923831302e+02
1.091619999999999960e-03 3.099491824905669546e+02
1.104930000000000061e-03 3.027080197682397511e+02
1.118239999999999946e-03 2.954849257102721367e+02
1.131550000000000047e-03 2.882831009252935814e+02
1.144870000000000089e-03 2.811069665017695343e+02
1.158179999999999973e-03 2.739706477888553309e+02
1.171490000000000075e-03 2.668793267933352809e+02
1.184799999999999959e-03 2.598364785495837737e+02
1.198120000000000001e-03 2.528480250917545789e+02
1.211430000000000102e-03 2.459302133050357213e+02
1.224739999999999987e-03 2.390939429520734620e+02
1.238050000000000088e-03 2.323353651166502232e+02
1.251359999999999972e-03 2.256714382565165522e+02
1.264680000000000014e-03 2.191032441576217593e+02
1.277989999999999899e-03 2.126521822651764921e+02
1.291300000000000000e-03 2.063168994405205297e+02
1.304610000000000101e-03 2.001078301315181420e+02
1.317929999999999926e-03 1.940227850577106778e+02
1.331240000000000027e-03 1.880783187442912947e+02
1.344549999999999912e-03 1.822705361369932007e+02
1.357860000000000013e-03 1.766033635254778176e+02
1.371180000000000055e-03 1.710716987572336052e+02
1.384489999999999939e-03 1.656845824331398092e+02
1.397800000000000041e-03 1.604356198876422468e+02
1.411109999999999925e-03 1.553233162189169718e+02
1.424429999999999967e-03 1.503409828246151676e+02
1.437740000000000068e-03 1.454935593072596873e+02
1.451049999999999953e-03 1.407741751921042237e+02
1.464360000000000054e-03 1.361801929360561019e+02
1.477680000000000096e-03 1.317052929958646246e+02
1.490989999999999980e-03 1.273537933133571869e+02
1.504300000000000082e-03 1.231195366484458305e+02
1.517609999999999966e-03 1.190000556694186002e+02
1.530930000000000008e-03 1.149895010890000862e+02
1.544239999999999892e-03 1.110906350810313938e+02
1.557549999999999994e-03 1.072972227275656110e+02
1.570860000000000095e-03 1.036045846250462574e+02
1.584169999999999979e-03 1.000088952749663349e+02
1.597490000000000021e-03 9.650132760612332561e+01
1.610799999999999906e-03 9.308276918791865739e+01
1.624110000000000007e-03 8.974345155840424582e+01
1.637420000000000108e-03 8.647883053629448113e+01
1.650739999999999933e-03 8.327966787161821571e+01
1.664050000000000034e-03 8.014667306067744335e+01
1.677359999999999919e-03 7.707229922846855175e+01
1.690670000000000020e-03 7.405359026110913589e+01
1.703990000000000062e-03 7.108603613943527932e+01
1.717299999999999946e-03 6.817269094105336080e+01
1.730610000000000048e-03 6.531235956051887115e+01
1.743919999999999932e-03 6.250528326906990628e+01
1.757239999999999974e-03 5.975335715506370349e+01
1.770550000000000075e-03 5.706224728470540697e+01
1.783859999999999960e-03 5.443559636378662958e+01
1.797170000000000061e-03 5.187558553598388755e+01
1.810490000000000103e-03 4.938627827176385665e+01
1.823799999999999987e-03 4.697342972881654077e+01
1.837110000000000088e-03 4.463990097648948563e+01
1.850419999999999973e-03 4.238683366069324165e+01
1.863730000000000074e-03 4.021680492725558054e+01
1.877049999999999899e-03 3.812815432420003958e+01
1.890360000000000000e-03 3.612413264325140005e+01
1.903670000000000102e-03 3.420181512581392980e+01
1.916979999999999986e-03 3.235928415227434130e+01
1.930300000000000028e-03 3.059286462667670747e+01
1.943609999999999912e-03 2.890208302515522831e+01
1.956920000000000014e-03 2.728278564003923634e+01
1.970229999999999898e-03 2.573159930123251726e+01
1.983550000000000157e-03 2.424458325229193534e+01
1.996860000000000041e-03 2.282111702844708034e+01
2.010169999999999926e-03 2.145767433765431065e+01
2.023479999999999810e-03 2.015231668853935076e+01
2.036800000000000069e-03 1.890229426443250205e+01
2.050109999999999953e-03 1.770845300378043063e+01
2.063419999999999838e-03 1.656861743801469089e+01
2.076730000000000156e-03 1.548234070385446515e+01
2.090049999999999981e-03 1.444797132293487962e+01
2.103359999999999865e-03 1.346672382543505186e+01
2.116670000000000183e-03 1.253704610328405344e+01
2.129980000000000068e-03 1.165825673209801394e+01
2.143299999999999893e-03 1.082875693061400391e+01
2.156610000000000211e-03 1.004846751615792932e+01
2.169920000000000095e-03 9.315429346878875805e+00
2.183229999999999980e-03 8.627574464569926604e+00
2.196539999999999864e-03 7.983152133121609317e+00
2.209860000000000123e-03 7.379069463904811776e+00
2.223170000000000007e-03 6.814127101062183556e+00
2.236479999999999892e-03 6.285000615299373372e+00
2.249790000000000210e-03 5.789434289780908571e+00
2.263110000000000035e-03 5.324342203807881369e+00
2.276419999999999919e-03 4.888272660842247319e+00
2.289729999999999804e-03 4.478610629322719028e+00
2.303040000000000122e-03 4.093534807841886725e+00
2.316359999999999947e-03 3.731151171721059701e+00
2.329669999999999831e-03 3.390640350818322268e+00
2.342980000000000149e-03 3.070753667905848250e+00
2.356290000000000034e-03 2.770582658912150720e+00
2.369609999999999859e-03 2.489410449321672214e+00
2.382920000000000177e-03 2.227086155426293068e+00
2.396230000000000061e-03 1.983114813499564422e+00
2.409539999999999946e-03 1.757072705042536542e+00
2.422860000000000204e-03 1.548488002567123489e+00
2.436170000000000089e-03 1.357215704867819062e+00
2.449479999999999973e-03 1.182600573428366886e+00
2.462789999999999858e-03 1.024024735837154809e+00
2.476100000000000176e-03 8.807548607544384289e-01
2.489420000000000001e-03 7.518923295313956201e-01
2.502729999999999885e-03 6.367114253997481210e-01
2.516040000000000203e-03 5.341808066652974363e-01
2.529350000000000088e-03 4.433059594822926774e-01
2.542669999999999913e-03 3.630404157686053512e-01
2.555979999999999797e-03 2.925443890650878953e-01
2.569290000000000115e-03 2.308146379829626449e-01
2.582600000000000000e-03 1.769959102021701203e-01
2.595919999999999825e-03 1.302115673061071677e-01
2.609230000000000143e-03 8.980734443354830565e-02
2.622540000000000027e-03 5.503564042175835419e-02
2.635849999999999912e-03 2.535075012420923146e-02
2.649170000000000171e-03 0.000000000000000000e+00
