1.331239999999999980e-05 1.647056594633166116e-01
2.662479999999999960e-05 1.614415861019798393e-01
3.993720000000000110e-05 1.596332716855388412e-01
5.324959999999999920e-05 1.584296941575354112e-01
6.656200000000000408e-05 1.575693559077610550e-01
7.987440000000000219e-05 1.569356274353132241e-01
9.318669999999999330e-05 1.564612812715274193e-01
1.064989999999999980e-04 1.561057531097012341e-01
1.198119999999999974e-04 1.558392602084614775e-01
1.331240000000000082e-04 1.556412302253187274e-01
1.464360000000000054e-04 1.554952189439906818e-01
1.597489999999999913e-04 1.553888135797119041e-01
1.730609999999999885e-04 1.553123521137512175e-01
1.863730000000000128e-04 1.552580197471261636e-01
1.996859999999999987e-04 1.552201709965808640e-01
2.129979999999999959e-04 1.551940199557543254e-01
2.263110000000000089e-04 1.551764180750527244e-01
2.396230000000000061e-04 1.551645974655279647e-01
2.529349999999999763e-04 1.551568991241125406e-01
2.662480000000000163e-04 1.551518381534267577e-01
2.795599999999999865e-04 1.551485890625728947e-01
2.928730000000000265e-04 1.551464326323067355e-01
3.061849999999999967e-04 1.551448177548448992e-01
3.194970000000000210e-04 1.551434395351002915e-01
3.328100000000000069e-04 1.551421245077446442e-01
3.461219999999999770e-04 1.551405501631793193e-01
3.594350000000000171e-04 1.551384812700815907e-01
3.727469999999999872e-04 1.551356936363703642e-01
3.860590000000000115e-04 1.551319031835676210e-01
3.993719999999999974e-04 1.551267975373323282e-01
4.126840000000000217e-04 1.551200254852031224e-01
4.259970000000000076e-04 1.551111618467683195e-01
4.393089999999999777e-04 1.550998075746262139e-01
4.526210000000000021e-04 1.550854428309188515e-01
4.659339999999999879e-04 1.550676747260622546e-01
4.792460000000000123e-04 1.550459647390054485e-01
4.925590000000000523e-04 1.550200090244278073e-01
5.058709999999999683e-04 1.549893661065074590e-01
5.191829999999999926e-04 1.549539061194414591e-01
5.324960000000000327e-04 1.549134046104316542e-01
5.458079999999999486e-04 1.548679589214558561e-01
5.591199999999999729e-04 1.548176551284334568e-01
5.724330000000000130e-04 1.547627831948862887e-01
5.857450000000000373e-04 1.547037503003537429e-01
5.990579999999999690e-04 1.546409606318048247e-01
6.123699999999999933e-04 1.545750235317708554e-01
6.256820000000000177e-04 1.545063384695214426e-01
6.389949999999999493e-04 1.544355098704720541e-01
6.523069999999999737e-04 1.543628109238689428e-01
6.656200000000000137e-04 1.542886347018037896e-01
6.789320000000000381e-04 1.542130145443661726e-01
6.922439999999999540e-04 1.541359679369189994e-01
7.055569999999999941e-04 1.540572336489428040e-01
7.188690000000000184e-04 1.539763826615472286e-01
7.321819999999999501e-04 1.538928998795786041e-01
7.454939999999999744e-04 1.538059226490323395e-01
7.588059999999999987e-04 1.537147841808197413e-01
7.721190000000000388e-04 1.536183008075679146e-01
7.854309999999999547e-04 1.535157907408657429e-01
7.987439999999999948e-04 1.534059590489691427e-01
8.120560000000000191e-04 1.532882037546098586e-01
8.253680000000000435e-04 1.531613279036863617e-01
8.386809999999999751e-04 1.530248431850581570e-01
8.519929999999999995e-04 1.528777808419456985e-01
8.653050000000000238e-04 1.527197803730744319e-01
8.786179999999999555e-04 1.525500093215508279e-01
8.919299999999999798e-04 1.523681966159039780e-01
9.052430000000000199e-04 1.521735172812481718e-01
9.185550000000000442e-04 1.519656786020472938e-01
9.318669999999999601e-04 1.517437338591413054e-01
9.451800000000000002e-04 1.515072831514166496e-01
9.584920000000000245e-04 1.512552650243836616e-01
9.718049999999999562e-04 1.509872513287320306e-01
9.851169999999999805e-04 1.507021633551619832e-01
9.984289999999998964e-04 1.503997009907757365e-01
1.011739999999999905e-03 1.500790010850945599e-01
1.025050000000000006e-03 1.497400027292346003e-01
1.038370000000000048e-03 1.493819544315954095e-01
1.051679999999999933e-03 1.490055715659426294e-01
1.064990000000000034e-03 1.486105282273887940e-01
1.078299999999999918e-03 1.481971425077762694e-01
1.091619999999999960e-03 1.477652011477094407e-01
1.104930000000000061e-03 1.473156302223133929e-01
1.118239999999999946e-03 1.468479772203045985e-01
1.131550000000000047e-03 1.463622982385139881e-01
1.144870000000000089e-03 1.458574990465759946e-01
1.158179999999999973e-03 1.453340503622785329e-01
1.171490000000000075e-03 1.447900122746516582e-01
1.184799999999999959e-03 1.442247039126758612e-01
1.198120000000000001e-03 1.436352083860000517e-01
1.211430000000000102e-03 1.430213535383404733e-01
1.224739999999999987e-03 1.423793122295970992e-01
1.238050000000000088e-03 1.417077347018265154e-01
1.251359999999999972e-03 1.410025340596364196e-01
1.264680000000000014e-03 1.402616630341563253e-01
1.277989999999999899e-03 1.394818903650324182e-01
1.291300000000000000e-03 1.386612754147708293e-01
1.304610000000000101e-03 1.377959173186197317e-01
1.317929999999999926e-03 1.368842528931844826e-01
1.331240000000000027e-03 1.359250499026223302e-01
1.344549999999999912e-03 1.349175429269649507e-01
1.357860000000000013e-03 1.338610951968904339e-01
1.371180000000000055e-03 1.327557620751576573e-01
1.384489999999999939e-03 1.316046485265440491e-01
1.397800000000000041e-03 1.304085339879399452e-01
1.411109999999999925e-03 1.291702073821753005e-01
1.424429999999999967e-03 1.278906060735008343e-01
1.437740000000000068e-03 1.265744342862761274e-01
1.451049999999999953e-03 1.252221722222044142e-01
1.464360000000000054e-03 1.238351443235325144e-01
1.477680000000000096e-03 1.224127656936889186e-01
1.490989999999999980e-03 1.209561207378985481e-01
1.504300000000000082e-03 1.194634547089644810e-01
1.517609999999999966e-03 1.179315706446945472e-01
1.530930000000000008e-03 1.163578514665514624e-01
1.544239999999999892e-03 1.147406822497776535e-01
1.557549999999999994e-03 1.130774632511243466e-01
1.570860000000000095e-03 1.113655275364863612e-01
1.584169999999999979e-03 1.096044867515847954e-01
1.597490000000000021e-03 1.077935285752458783e-01
1.610799999999999906e-03 1.059367842012972488e-01
1.624110000000000007e-03 1.040375412100233016e-01
1.637420000000000108e-03 1.020991779288319690e-01
1.650739999999999933e-03 1.001284708456689904e-01
1.664050000000000034e-03 9.813318864858239232e-02
1.677359999999999919e-03 9.612180002364130449e-02
1.690670000000000020e-03 9.409945211877161764e-02
1.703990000000000062e-03 9.207373748759963006e-02
1.717299999999999946e-03 9.005194143798887774e-02
1.730610000000000048e-03 8.803851392038279655e-02
1.743919999999999932e-03 8.603582588303314294e-02
1.757239999999999974e-03 8.404405042359078259e-02
1.770550000000000075e-03 8.206631736509974184e-02
1.783859999999999960e-03 8.009875862916708555e-02
1.797170000000000061e-03 7.813960006809689274e-02
1.810490000000000103e-03 7.618246706839489069e-02
1.823799999999999987e-03 7.422748948536106450e-02
1.837110000000000088e-03 7.226774572854904877e-02
1.850419999999999973e-03 7.030041729456452948e-02
1.863730000000000074e-03 6.832131466556301547e-02
1.877049999999999899e-03 6.632697939600928905e-02
1.890360000000000000e-03 6.431850516115852900e-02
1.903670000000000102e-03 6.229371746355467920e-02
1.916979999999999986e-03 6.025318641146682613e-02
1.930300000000000028e-03 5.819602301186662524e-02
1.943609999999999912e-03 5.612791819664948029e-02
1.956920000000000014e-03 5.404900881767758097e-02
1.970229999999999898e-03 5.196328803281968084e-02
1.983550000000000157e-03 4.987153455524618445e-02
1.996860000000000041e-03 4.778153118734492638e-02
2.010169999999999926e-03 4.569455841265192969e-02
2.023479999999999810e-03 4.361791967648031426e-02
2.036800000000000069e-03 4.155056681742694269e-02
2.050109999999999953e-03 3.950152494306598955e-02
2.063419999999999838e-03 3.747425661220250837e-02
2.076730000000000156e-03 3.547463155072167612e-02
2.090049999999999981e-03 3.350485999769396012e-02
2.103359999999999865e-03 3.157423813017543046e-02
2.116670000000000183e-03 2.968514487313627173e-02
2.129980000000000068e-03 2.784347244229232188e-02
2.143299999999999893e-03 2.605137230825992772e-02
2.156610000000000211e-03 2.431629627842838218e-02
2.169920000000000095e-03 2.263962062301514908e-02
2.183229999999999980e-03 2.102446567207836778e-02
2.196539999999999864e-03 1.947247819491283727e-02
2.209860000000000123e-03 1.798399319306672600e-02
2.223170000000000007e-03 1.656174588655003055e-02
2.236479999999999892e-03 1.520485356133493941e-02
2.249790000000000210e-03 1.391295763035095730e-02
2.263110000000000035e-03 1.268480913409053383e-02
2.276419999999999919e-03 1.152149400038938835e-02
2.289729999999999804e-03 1.042183077118373838e-02
2.303040000000000122e-03 9.385058556196153312e-03
2.316359999999999947e-03 8.410467215384805073e-03
2.329669999999999831e-03 7.498929598071811357e-03
2.342980000000000149e-03 6.649846421111201521e-03
2.356290000000000034e-03 5.862651012774815901e-03
2.369609999999999859e-03 5.136571938641350775e-03
2.382920000000000177e-03 4.471812831863610470e-03
2.396230000000000061e-03 3.866811547177306449e-03
2.409539999999999946e-03 3.320044438464793413e-03
2.422860000000000204e-03 2.829092575645661845e-03
2.436170000000000089e-03 2.392358419193998335e-03
2.449479999999999973e-03 2.006514359391449367e-03
2.462789999999999858e-03 1.668470078437773226e-03
2.476100000000000176e-03 1.374649246658786635e-03
2.489420000000000001e-03 1.121290677439941430e-03
2.502729999999999885e-03 9.049613298346928947e-04
2.516040000000000203e-03 7.217642154692689022e-04
2.529350000000000088e-03 5.680110154734809968e-04
2.542669999999999913e-03 4.400428436922058061e-04
2.555979999999999797e-03 3.347495153318909462e-04
2.569290000000000115e-03 2.488453249612914710e-04
2.582600000000000000e-03 1.795498995075033250e-04
2.595919999999999825e-03 1.241193900847042389e-04
2.609230000000000143e-03 8.042428112811042962e-05
2.622540000000000027e-03 4.626046338785989067e-05
2.635849999999999912e-03 2.012975248735366767e-05
2.649170000000000171e-03 0.000000000000000000e+00
