1.331239999999999980e-05 4.444069337944710583e+02
2.662479999999999960e-05 4.428244564542929993e+02
3.993720000000000110e-05 4.416866771278043871e+02
5.324959999999999920e-05 4.407010247876264089e+02
6.656200000000000408e-05 4.397792997944710578e+02
7.987440000000000219e-05 4.388814315654041138e+02
9.318669999999999330e-05 4.379881399558642556e+02
1.064989999999999980e-04 4.370866576419529679e+02
1.198119999999999974e-04 4.361719893637731502e+02
1.331240000000000082e-04 4.352394867151189146e+02
1.464360000000000054e-04 4.342894124287437876e+02
1.597489999999999913e-04 4.333205609103297320e+02
1.730609999999999885e-04 4.323356298886665741e+02
1.863730000000000128e-04 4.313352495282808263e+02
1.996859999999999987e-04 4.303223875861023089e+02
2.129979999999999959e-04 4.292984673315518762e+02
2.263110000000000089e-04 4.282656298000638344e+02
2.396230000000000061e-04 4.272247499361097312e+02
2.529349999999999763e-04 4.261764539299174430e+02
2.662480000000000163e-04 4.251198634798390685e+02
2.795599999999999865e-04 4.240538652840743339e+02
2.928730000000000265e-04 4.229753470848878010e+02
3.061849999999999967e-04 4.218812581026821817e+02
3.194970000000000210e-04 4.207662333503571972e+02
3.328100000000000069e-04 4.196254862439643603e+02
3.461219999999999770e-04 4.184518606504178706e+02
3.594350000000000171e-04 4.172397205485339100e+02
3.727469999999999872e-04 4.159805649607965279e+02
3.860590000000000115e-04 4.146689139814537270e+02
3.993719999999999974e-04 4.132955644278833915e+02
4.126840000000000217e-04 4.118562180741334942e+02
4.259970000000000076e-04 4.103421395405222256e+02
4.393089999999999777e-04 4.087505708118572443e+02
4.526210000000000021e-04 4.070743760491722014e+02
4.659339999999999879e-04 4.053123482495080907e+02
4.792460000000000123e-04 4.034599449578768144e+02
4.925590000000000523e-04 4.015178270036037134e+02
5.058709999999999683e-04 3.994840947946328811e+02
5.191829999999999926e-04 3.973614187755396188e+02
5.324960000000000327e-04 3.951500822130174129e+02
5.458079999999999486e-04 3.928547600970501321e+02
5.591199999999999729e-04 3.904780357324823399e+02
5.724330000000000130e-04 3.880250477353064298e+02
5.857450000000000373e-04 3.855005939795105405e+02
5.990579999999999690e-04 3.829099360503332719e+02
6.123699999999999933e-04 3.802587296242671187e+02
6.256820000000000177e-04 3.775520997800015266e+02
6.389949999999999493e-04 3.747949837506399149e+02
6.523069999999999737e-04 3.719921873262162535e+02
6.656200000000000137e-04 3.691473765229548007e+02
6.789320000000000381e-04 3.662640291492772349e+02
6.922439999999999540e-04 3.633441300722440133e+02
7.055569999999999941e-04 3.603888675524704013e+02
7.188690000000000184e-04 3.573984325278285041e+02
7.321819999999999501e-04 3.543721397392687891e+02
7.454939999999999744e-04 3.513074554725134817e+02
7.588059999999999987e-04 3.482024778086505989e+02
7.721190000000000388e-04 3.450514534811287604e+02
7.854309999999999547e-04 3.418521717633617527e+02
7.987439999999999948e-04 3.385967910221253305e+02
8.120560000000000191e-04 3.352828416360578103e+02
8.253680000000000435e-04 3.319019677904211676e+02
8.386809999999999751e-04 3.284514822351118255e+02
8.519929999999999995e-04 3.249245019450363543e+02
8.653050000000000238e-04 3.213195729208068769e+02
8.786179999999999555e-04 3.176311486901910257e+02
8.919299999999999798e-04 3.138603497923626264e+02
9.052430000000000199e-04 3.100045328410658385e+02
9.185550000000000442e-04 3.060667502877595894e+02
9.318669999999999601e-04 3.020482044355861149e+02
9.451800000000000002e-04 2.979527322092548047e+02
9.584920000000000245e-04 2.937856658895715327e+02
9.718049999999999562e-04 2.895516220467172843e+02
9.851169999999999805e-04 2.852580825513930449e+02
9.984289999999998964e-04 2.809103379681317847e+02
1.011739999999999905e-03 2.765163424165908737e+02
1.025050000000000006e-03 2.720813048364104247e+02
1.038370000000000048e-03 2.676085575754106571e+02
1.051679999999999933e-03 2.631091431939735799e+02
1.064990000000000034e-03 2.585849824515659066e+02
1.078299999999999918e-03 2.540392526670748339e+02
1.091619999999999960e-03 2.494717426873318402e+02
1.104930000000000061e-03 2.448913727431653342e+02
1.118239999999999946e-03 2.402958859356765231e+02
1.131550000000000047e-03 2.356865166067385360e+02
1.144870000000000089e-03 2.310596193751372880e+02
1.158179999999999973e-03 2.264229789515238167e+02
1.171490000000000075e-03 2.217723428041903446e+02
1.184799999999999959e-03 2.171085842596087616e+02
1.198120000000000001e-03 2.124278120318682284e+02
1.211430000000000102e-03 2.077383599611967213e+02
1.224739999999999987e-03 2.030373733303638062e+02
1.238050000000000088e-03 1.983268844486300395e+02
1.251359999999999972e-03 1.936091687562127674e+02
1.264680000000000014e-03 1.888835099045534491e+02
1.277989999999999899e-03 1.841611512537930651e+02
1.291300000000000000e-03 1.794420306458599157e+02
1.304610000000000101e-03 1.747320570202122667e+02
1.317929999999999926e-03 1.700318007265519498e+02
1.331240000000000027e-03 1.653555464785252695e+02
1.344549999999999912e-03 1.607040224080991777e+02
1.357860000000000013e-03 1.560847664788275893e+02
1.371180000000000055e-03 1.514995182833414731e+02
1.384489999999999939e-03 1.469652632131606822e+02
1.397800000000000041e-03 1.424776676498291010e+02
1.411109999999999925e-03 1.380461280714168879e+02
1.424429999999999967e-03 1.336710705142193092e+02
1.437740000000000068e-03 1.293648014118332981e+02
1.451049999999999953e-03 1.251258475405561796e+02
1.464360000000000054e-03 1.209584282518175087e+02
1.477680000000000096e-03 1.168603754964470909e+02
1.490989999999999980e-03 1.128400762280728458e+02
1.504300000000000082e-03 1.088943965054290004e+02
1.517609999999999966e-03 1.050238253455219706e+02
1.530930000000000008e-03 1.012247277776669421e+02
1.544239999999999892e-03 9.750213942468737116e+01
1.557549999999999994e-03 9.385201592136357363e+01
1.570860000000000095e-03 9.027326355802942714e+01
1.584169999999999979e-03 8.676469031023756884e+01
1.597490000000000021e-03 8.332301127771081894e+01
1.610799999999999906e-03 7.995249461985824269e+01
1.624110000000000007e-03 7.665082644501241305e+01
1.637420000000000108e-03 7.341764593457355659e+01
1.650739999999999933e-03 7.025212291920446717e+01
1.664050000000000034e-03 6.715923878390421464e+01
1.677359999999999919e-03 6.413935612409912324e+01
1.690670000000000020e-03 6.119318765844006691e+01
1.703990000000000062e-03 5.832212374777476072e+01
1.717299999999999946e-03 5.553141133757218739e+01
1.730610000000000048e-03 5.282265539638600416e+01
1.743919999999999932e-03 5.019672622168225473e+01
1.757239999999999974e-03 4.765506752525664069e+01
1.770550000000000075e-03 4.520200312553497213e+01
1.783859999999999960e-03 4.283810320301229524e+01
1.797170000000000061e-03 4.056329798726709868e+01
1.810490000000000103e-03 3.837728610324078460e+01
1.823799999999999987e-03 3.628259793472616224e+01
1.837110000000000088e-03 3.427776268824730010e+01
1.850419999999999973e-03 3.236136459184413638e+01
1.863730000000000074e-03 3.053248915101082162e+01
1.877049999999999899e-03 2.878788615281444763e+01
1.890360000000000000e-03 2.712834407788510660e+01
1.903670000000000102e-03 2.555022487857536007e+01
1.916979999999999986e-03 2.405098985889790342e+01
1.930300000000000028e-03 2.262696984916493648e+01
1.943609999999999912e-03 2.127727464694688919e+01
1.956920000000000014e-03 1.999806956309766193e+01
1.970229999999999898e-03 1.878600024561177051e+01
1.983550000000000157e-03 1.763736549873154402e+01
1.996860000000000041e-03 1.655035295333571455e+01
2.010169999999999926e-03 1.552128591890598486e+01
2.023479999999999810e-03 1.454661214990863627e+01
2.036800000000000069e-03 1.362290517993776717e+01
2.050109999999999953e-03 1.274813114600697084e+01
2.063419999999999838e-03 1.191904167667099479e+01
2.076730000000000156e-03 1.113250380088089564e+01
2.090049999999999981e-03 1.038564652271965905e+01
2.103359999999999865e-03 9.676888827555487183e+00
2.116670000000000183e-03 9.003674889997592246e+00
2.129980000000000068e-03 8.363830612700786205e+00
2.143299999999999893e-03 7.755268269547880955e+00
2.156610000000000211e-03 7.177287378566338916e+00
2.169920000000000095e-03 6.628197077937205250e+00
2.183229999999999980e-03 6.106905471775616157e+00
2.196539999999999864e-03 5.612538516462892701e+00
2.209860000000000123e-03 5.144086612780959911e+00
2.223170000000000007e-03 4.701654315483970059e+00
2.236479999999999892e-03 4.284518059537170132e+00
2.249790000000000210e-03 3.892249512326651395e+00
2.263110000000000035e-03 3.524295273375224635e+00
2.276419999999999919e-03 3.180827062294635965e+00
2.289729999999999804e-03 2.861221745406952177e+00
2.303040000000000122e-03 2.565028429009043709e+00
2.316359999999999947e-03 2.291488617149861629e+00
2.329669999999999831e-03 2.040402280166514704e+00
2.342980000000000149e-03 1.810748823463079304e+00
2.356290000000000034e-03 1.601711350222077668e+00
2.369609999999999859e-03 1.412069032795015167e+00
2.382920000000000177e-03 1.241090720440124473e+00
2.396230000000000061e-03 1.087369756735632409e+00
2.409539999999999946e-03 9.497422562446268257e-01
2.422860000000000204e-03 8.267689493712409021e-01
2.436170000000000089e-03 7.174056507350448086e-01
2.449479999999999973e-03 6.202591357135870398e-01
2.462789999999999858e-03 5.341291019245489879e-01
2.476100000000000176e-03 4.578551379913362029e-01
2.489420000000000001e-03 3.903058891797042684e-01
2.502729999999999885e-03 3.306189997588156460e-01
2.516040000000000203e-03 2.778391711377113382e-01
2.529350000000000088e-03 2.312169035214503843e-01
2.542669999999999913e-03 1.900054402898641304e-01
2.555979999999999797e-03 1.537071935435270487e-01
2.569290000000000115e-03 1.217491513402748915e-01
2.582600000000000000e-03 9.371485821521302606e-02
2.595919999999999825e-03 6.917650184609630548e-02
2.609230000000000143e-03 4.784697207149654630e-02
2.622540000000000027e-03 2.938838596648440590e-02
2.635849999999999912e-03 1.355361477628498103e-02
2.649170000000000171e-03 0.000000000000000000e+00
