1.331239999999999980e-05 9.955296035008421995e+02
2.662479999999999960e-05 9.914793425844151216e+02
3.993720000000000110e-05 9.885751935008421469e+02
5.324959999999999920e-05 9.860562475844150185e+02
6.656200000000000408e-05 9.836883768341755285e+02
7.987440000000000219e-05 9.813610620288594646e+02
9.318669999999999330e-05 9.790142314136494406e+02
1.064989999999999980e-04 9.766054414362130274e+02
1.198119999999999974e-04 9.741079968243275289e+02
1.331240000000000082e-04 9.714974519025097379e+02
1.464360000000000054e-04 9.687585465993533944e+02
1.597489999999999913e-04 9.658731169529743283e+02
1.730609999999999885e-04 9.628322700329927102e+02
1.863730000000000128e-04 9.596213932317671151e+02
1.996859999999999987e-04 9.562347840534745274e+02
2.129979999999999959e-04 9.526612091263941693e+02
2.263110000000000089e-04 9.488978372213564398e+02
2.396230000000000061e-04 9.449359954932276651e+02
2.529349999999999763e-04 9.407759186297867018e+02
2.662480000000000163e-04 9.364105728098858208e+02
2.795599999999999865e-04 9.318436097158552229e+02
2.928730000000000265e-04 9.270699978538365258e+02
3.061849999999999967e-04 9.220952928828439781e+02
3.194970000000000210e-04 9.169167004747806686e+02
3.328100000000000069e-04 9.115394814259524310e+02
3.461219999999999770e-04 9.059630992801806997e+02
3.594350000000000171e-04 9.001920681059044682e+02
3.727469999999999872e-04 8.942257313586097780e+02
3.860590000000000115e-04 8.880676838523232846e+02
3.993719999999999974e-04 8.817144581251548061e+02
4.126840000000000217e-04 8.751691421878433630e+02
4.259970000000000076e-04 8.684253487249734462e+02
4.393089999999999777e-04 8.614843452186261175e+02
4.526210000000000021e-04 8.543375412337494481e+02
4.659339999999999879e-04 8.469833876345168164e+02
4.792460000000000123e-04 8.394130536058822827e+02
4.925590000000000523e-04 8.316243672188668370e+02
5.058709999999999683e-04 8.236081914673083020e+02
5.191829999999999926e-04 8.153643592298990370e+02
5.324960000000000327e-04 8.068837078979378248e+02
5.458079999999999486e-04 7.981706992051738325e+02
5.591199999999999729e-04 7.892200175439429586e+02
5.724330000000000130e-04 7.800378197597199232e+02
5.857450000000000373e-04 7.706263421211050400e+02
5.990579999999999690e-04 7.609947897485541262e+02
6.123699999999999933e-04 7.511517624841336556e+02
6.256820000000000177e-04 7.411104874600672474e+02
6.389949999999999493e-04 7.308832845640345113e+02
6.523069999999999737e-04 7.204880679687244083e+02
6.656200000000000137e-04 7.099410276316461932e+02
6.789320000000000381e-04 6.992612481846889523e+02
6.922439999999999540e-04 6.884685913142153595e+02
7.055569999999999941e-04 6.775795288927442925e+02
7.188690000000000184e-04 6.666172788655304657e+02
7.321819999999999501e-04 6.555960983396336133e+02
7.454939999999999744e-04 6.445382974362211144e+02
7.588059999999999987e-04 6.334567861697942135e+02
7.721190000000000388e-04 6.223689540087657406e+02
7.854309999999999547e-04 6.112876562775438742e+02
7.987439999999999948e-04 6.002261290217784335e+02
8.120560000000000191e-04 5.891946493342948088e+02
8.253680000000000435e-04 5.782037086676414219e+02
8.386809999999999751e-04 5.672588085313797137e+02
8.519929999999999995e-04 5.563697200420192530e+02
8.653050000000000238e-04 5.455401802040966004e+02
8.786179999999999555e-04 5.347751521555666159e+02
8.919299999999999798e-04 5.240797227711848336e+02
9.052430000000000199e-04 5.134567080099059240e+02
9.185550000000000442e-04 5.029107227198596206e+02
9.318669999999999601e-04 4.924450404796688758e+02
9.451800000000000002e-04 4.820618977494333421e+02
9.584920000000000245e-04 4.717672732327096128e+02
9.718049999999999562e-04 4.615627229260081208e+02
9.851169999999999805e-04 4.514547082591257663e+02
9.984289999999998964e-04 4.414454613045110136e+02
1.011739999999999905e-03 4.315407310217668169e+02
1.025050000000000006e-03 4.217430143797856772e+02
1.038370000000000048e-03 4.120485390599520201e+02
1.051679999999999933e-03 4.024733842811305635e+02
1.064990000000000034e-03 3.930123805795245744e+02
1.078299999999999918e-03 3.836664919103473608e+02
1.091619999999999960e-03 3.744293543081126927e+02
1.104930000000000061e-03 3.653118131822846522e+02
1.118239999999999946e-03 3.563062949996368047e+02
1.131550000000000047e-03 3.474087009646403885e+02
1.144870000000000089e-03 3.386089998690186462e+02
1.158179999999999973e-03 3.299173692641728621e+02
1.171490000000000075e-03 3.213231262675382141e+02
1.184799999999999959e-03 3.128210198123001078e+02
1.198120000000000001e-03 3.044025628554915670e+02
1.211430000000000102e-03 2.960762823793885445e+02
1.224739999999999987e-03 2.878353408657886803e+02
1.238050000000000088e-03 2.796768657233996578e+02
1.251359999999999972e-03 2.716031852548208576e+02
1.264680000000000014e-03 2.636064653582409960e+02
1.277989999999999899e-03 2.557030534793452716e+02
1.291300000000000000e-03 2.478876552521599308e+02
1.304610000000000101e-03 2.401655785455774321e+02
1.317929999999999926e-03 2.325328797678342596e+02
1.331240000000000027e-03 2.250071847611827991e+02
1.344549999999999912e-03 2.175845771532333117e+02
1.357860000000000013e-03 2.102713879669229584e+02
1.371180000000000055e-03 2.030638935039373791e+02
1.384489999999999939e-03 1.959788648245306888e+02
1.397800000000000041e-03 1.890122582824368465e+02
1.411109999999999925e-03 1.821696372920476676e+02
1.424429999999999967e-03 1.754472069917785291e+02
1.437740000000000068e-03 1.688606217372951903e+02
1.451049999999999953e-03 1.624061076177357279e+02
1.464360000000000054e-03 1.560896633328008534e+02
1.477680000000000096e-03 1.499081639379594435e+02
1.490989999999999980e-03 1.438775012737741292e+02
1.504300000000000082e-03 1.379947313976327621e+02
1.517609999999999966e-03 1.322667801214403482e+02
1.530930000000000008e-03 1.266911513414731445e+02
1.544239999999999892e-03 1.212826908101375807e+02
1.557549999999999994e-03 1.160384582085013108e+02
1.570860000000000095e-03 1.109634878990147371e+02
1.584169999999999979e-03 1.060581169645718944e+02
1.597490000000000021e-03 1.013215039038058336e+02
1.610799999999999906e-03 9.675971590083128149e+01
1.624110000000000007e-03 9.236902133889097399e+01
1.637420000000000108e-03 8.814683579045619410e+01
1.650739999999999933e-03 8.408695486410117326e+01
1.664050000000000034e-03 8.019144635592418524e+01
1.677359999999999919e-03 7.645161483974764849e+01
1.690670000000000020e-03 7.286231771054222861e+01
1.703990000000000062e-03 6.941372592296504251e+01
1.717299999999999946e-03 6.610529519678500776e+01
1.730610000000000048e-03 6.292674815933860089e+01
1.743919999999999932e-03 5.987234383488210199e+01
1.757239999999999974e-03 5.693283067436773592e+01
1.770550000000000075e-03 5.410740333739482821e+01
1.783859999999999960e-03 5.138830158204829957e+01
1.797170000000000061e-03 4.877120132708668621e+01
1.810490000000000103e-03 4.625057118548192392e+01
1.823799999999999987e-03 4.382691212894284405e+01
1.837110000000000088e-03 4.149658196093853491e+01
1.850419999999999973e-03 3.925726252951548645e+01
1.863730000000000074e-03 3.710862454412366418e+01
1.877049999999999899e-03 3.504752765450393071e+01
1.890360000000000000e-03 3.307739755453445696e+01
1.903670000000000102e-03 3.119544811637621962e+01
1.916979999999999986e-03 2.940189536780520640e+01
1.930300000000000028e-03 2.769414886764510442e+01
1.943609999999999912e-03 2.607419448954755481e+01
1.956920000000000014e-03 2.453905562638501792e+01
1.970229999999999898e-03 2.308696474586400171e+01
1.983550000000000157e-03 2.171458143300343835e+01
1.996860000000000041e-03 2.042093488318598560e+01
2.010169999999999926e-03 1.920207862655013997e+01
2.023479999999999810e-03 1.805393758576296293e+01
2.036800000000000069e-03 1.697227840966513668e+01
2.050109999999999953e-03 1.595402057543381424e+01
2.063419999999999838e-03 1.499470184845719523e+01
2.076730000000000156e-03 1.408948448557086763e+01
2.090049999999999981e-03 1.323411909788951313e+01
2.103359999999999865e-03 1.242537850436932523e+01
2.116670000000000183e-03 1.165934031378235147e+01
2.129980000000000068e-03 1.093216623459338521e+01
2.143299999999999893e-03 1.024057142129057674e+01
2.156610000000000211e-03 9.582610754478441351e+00
2.169920000000000095e-03 8.955628018858064365e+00
2.183229999999999980e-03 8.357525396682552454e+00
2.196539999999999864e-03 7.786769595817368383e+00
2.209860000000000123e-03 7.241645106578398661e+00
2.223170000000000007e-03 6.721951036617059394e+00
2.236479999999999892e-03 6.226562925506959445e+00
2.249790000000000210e-03 5.754840084165277148e+00
2.263110000000000035e-03 5.306071624893110794e+00
2.276419999999999919e-03 4.880507186038045120e+00
2.289729999999999804e-03 4.477556986902325065e+00
2.303040000000000122e-03 4.096861596041244447e+00
2.316359999999999947e-03 3.737843247261178892e+00
2.329669999999999831e-03 3.400628697674254575e+00
2.342980000000000149e-03 3.084498865148574076e+00
2.356290000000000034e-03 2.788922482463229713e+00
2.369609999999999859e-03 2.513076568552337076e+00
2.382920000000000177e-03 2.256712071021476973e+00
2.396230000000000061e-03 2.018884810539228969e+00
2.409539999999999946e-03 1.798827158290986494e+00
2.422860000000000204e-03 1.595583573664086208e+00
2.436170000000000089e-03 1.408636141420613885e+00
2.449479999999999973e-03 1.237033100013504638e+00
2.462789999999999858e-03 1.079943284451272412e+00
2.476100000000000176e-03 9.366041227560417681e-01
2.489420000000000001e-03 8.061216842008845918e-01
2.502729999999999885e-03 6.879724654068755108e-01
2.516040000000000203e-03 5.813165297802267428e-01
2.529350000000000088e-03 4.854719910223808110e-01
2.542669999999999913e-03 3.996762562812695707e-01
2.555979999999999797e-03 3.234017245169020782e-01
2.569290000000000115e-03 2.559198539335278966e-01
2.582600000000000000e-03 1.965878264391167918e-01
2.595919999999999825e-03 1.447217808875253253e-01
2.609230000000000143e-03 9.976990799126367326e-02
2.622540000000000027e-03 6.107005261674287866e-02
2.635849999999999912e-03 2.806784669012835770e-02
2.649170000000000171e-03 0.000000000000000000e+00
