1.331239999999999980e-05 9.553275772840003128e+02
2.662479999999999960e-05 9.496268869423039405e+02
3.993720000000000110e-05 9.457675017284448131e+02
5.324959999999999920e-05 9.425922363867484819e+02
6.656200000000000408e-05 9.397533661728891730e+02
7.987440000000000219e-05 9.370951219423039902e+02
9.318669999999999330e-05 9.345364313394799183e+02
1.064989999999999980e-04 9.320266461063579300e+02
1.198119999999999974e-04 9.295352014144036730e+02
1.331240000000000082e-04 9.270392435313066244e+02
1.464360000000000054e-04 9.245239936046393723e+02
1.597489999999999913e-04 9.219760640473248259e+02
1.730609999999999885e-04 9.193870420722876133e+02
1.863730000000000128e-04 9.167473309719142662e+02
1.996859999999999987e-04 9.140496419460409925e+02
2.129979999999999959e-04 9.112858644881633836e+02
2.263110000000000089e-04 9.084481897685894864e+02
2.396230000000000061e-04 9.055277217089313808e+02
2.529349999999999763e-04 9.025156723529304372e+02
2.662480000000000163e-04 8.994006638653199843e+02
2.795599999999999865e-04 8.961732718282703445e+02
2.928730000000000265e-04 8.928196404051741411e+02
3.061849999999999967e-04 8.893293759148655226e+02
3.194970000000000210e-04 8.856867835649848075e+02
3.328100000000000069e-04 8.818803075348372431e+02
3.461219999999999770e-04 8.778936260014713753e+02
3.594350000000000171e-04 8.737152300066597945e+02
3.727469999999999872e-04 8.693283015962053923e+02
3.860590000000000115e-04 8.647226994466805081e+02
3.993719999999999974e-04 8.598810036648710593e+02
4.126840000000000217e-04 8.547960168914357837e+02
4.259970000000000076e-04 8.494512192012794003e+02
4.393089999999999777e-04 8.438420024538023654e+02
4.526210000000000021e-04 8.379544150524022825e+02
4.659339999999999879e-04 8.317856020224845679e+02
4.792460000000000123e-04 8.253261986160543984e+02
4.925590000000000523e-04 8.185761067413313867e+02
5.058709999999999683e-04 8.115302195833278347e+02
5.191829999999999926e-04 8.041924222004686271e+02
5.324960000000000327e-04 7.965608538440387747e+02
5.458079999999999486e-04 7.886446823456561788e+02
5.591199999999999729e-04 7.804472898235284219e+02
5.724330000000000130e-04 7.719792913600159636e+02
5.857450000000000373e-04 7.632512458427748925e+02
5.990579999999999690e-04 7.542757016670776693e+02
6.123699999999999933e-04 7.450681391486632492e+02
6.256820000000000177e-04 7.356434553764363500e+02
6.389949999999999493e-04 7.260189334380953596e+02
6.523069999999999737e-04 7.162124501427417727e+02
6.656200000000000137e-04 7.062430659892482936e+02
6.789320000000000381e-04 6.961287070066861133e+02
6.922439999999999540e-04 6.858904420894318719e+02
7.055569999999999941e-04 6.755431896108248111e+02
7.188690000000000184e-04 6.651105684676090277e+02
7.321819999999999501e-04 6.546054894056512694e+02
7.454939999999999744e-04 6.440510586670026214e+02
7.588059999999999987e-04 6.334594373361127282e+02
7.721190000000000388e-04 6.228502945187518662e+02
7.854309999999999547e-04 6.122365310087591297e+02
7.987439999999999948e-04 6.016354763759095476e+02
8.120560000000000191e-04 5.910582216637923239e+02
8.253680000000000435e-04 5.805208627447354957e+02
8.386809999999999751e-04 5.700301221014374278e+02
8.519929999999999995e-04 5.596018714036852089e+02
8.653050000000000238e-04 5.492405849282495183e+02
8.786179999999999555e-04 5.389565336646311380e+02
8.919299999999999798e-04 5.287541737058546687e+02
9.052430000000000199e-04 5.186392290215691219e+02
9.185550000000000442e-04 5.086137387521740152e+02
9.318669999999999601e-04 4.986802359483356213e+02
9.451800000000000002e-04 4.888363825392170838e+02
9.584920000000000245e-04 4.790832885387043802e+02
9.718049999999999562e-04 4.694162746988068307e+02
9.851169999999999805e-04 4.598335848593988544e+02
9.984289999999998964e-04 4.503303690917563813e+02
1.011739999999999905e-03 4.409025296417044615e+02
1.025050000000000006e-03 4.315457608388293238e+02
1.038370000000000048e-03 4.222474196790203678e+02
1.051679999999999933e-03 4.130177767987951825e+02
1.064990000000000034e-03 4.038458300536383376e+02
1.078299999999999918e-03 3.947289394450745590e+02
1.091619999999999960e-03 3.856583445427111769e+02
1.104930000000000061e-03 3.766462856476364323e+02
1.118239999999999946e-03 3.676862587422355659e+02
1.131550000000000047e-03 3.587781173521682376e+02
1.144870000000000089e-03 3.499178814034447669e+02
1.158179999999999973e-03 3.411196963401887956e+02
1.171490000000000075e-03 3.323813564490247359e+02
1.184799999999999959e-03 3.237044030372535985e+02
1.198120000000000001e-03 3.150881851761602093e+02
1.211430000000000102e-03 3.065474467097010347e+02
1.224739999999999987e-03 2.980818522908687669e+02
1.238050000000000088e-03 2.896944827696695484e+02
1.251359999999999972e-03 2.813943755989882902e+02
1.264680000000000014e-03 2.731726549407414382e+02
1.277989999999999899e-03 2.650510699924278697e+02
1.291300000000000000e-03 2.570267597567607254e+02
1.304610000000000101e-03 2.491065158412012011e+02
1.317929999999999926e-03 2.412868626042503024e+02
1.331240000000000027e-03 2.335869784328685910e+02
1.344549999999999912e-03 2.260033747249276246e+02
1.357860000000000013e-03 2.185435816018734272e+02
1.371180000000000055e-03 2.112043679527859013e+02
1.384489999999999939e-03 2.040041464175964165e+02
1.397800000000000041e-03 1.969394233771004394e+02
1.411109999999999925e-03 1.900171773659549785e+02
1.424429999999999967e-03 1.832340202899794974e+02
1.437740000000000068e-03 1.766063719298616093e+02
1.451049999999999953e-03 1.701303614093155261e+02
1.464360000000000054e-03 1.638112045299963881e+02
1.477680000000000096e-03 1.576449254032049225e+02
1.490989999999999980e-03 1.516447305478173178e+02
1.504300000000000082e-03 1.458059647005604234e+02
1.517609999999999966e-03 1.401311177447427667e+02
1.530930000000000008e-03 1.346153485189777825e+02
1.544239999999999892e-03 1.292678515511748003e+02
1.557549999999999994e-03 1.240831089821488433e+02
1.570860000000000095e-03 1.190604995892597202e+02
1.584169999999999979e-03 1.141980084335379786e+02
1.597490000000000021e-03 1.094902174622919659e+02
1.610799999999999906e-03 1.049415738539225913e+02
1.624110000000000007e-03 1.005457466141803877e+02
1.637420000000000108e-03 9.629970331494011759e+01
1.650739999999999933e-03 9.219706834800686579e+01
1.664050000000000034e-03 8.824079636673857863e+01
1.677359999999999919e-03 8.442446478172963964e+01
1.690670000000000020e-03 8.074488452257068616e+01
1.703990000000000062e-03 7.719637589377838083e+01
1.717299999999999946e-03 7.378125876021564977e+01
1.730610000000000048e-03 7.049437595057018768e+01
1.743919999999999932e-03 6.733296214100147381e+01
1.757239999999999974e-03 6.429271648712666831e+01
1.770550000000000075e-03 6.137563427008148409e+01
1.783859999999999960e-03 5.857765474698918240e+01
1.797170000000000061e-03 5.589625553737802477e+01
1.810490000000000103e-03 5.332756386618971334e+01
1.823799999999999987e-03 5.087276508921623730e+01
1.837110000000000088e-03 4.852742586093886246e+01
1.850419999999999973e-03 4.628851916094637176e+01
1.863730000000000074e-03 4.415264467818281702e+01
1.877049999999999899e-03 4.211480416496578272e+01
1.890360000000000000e-03 4.017356536499632824e+01
1.903670000000000102e-03 3.832351039357445899e+01
1.916979999999999986e-03 3.655917114499228404e+01
1.930300000000000028e-03 3.487503220495143808e+01
1.943609999999999912e-03 3.326753772673981047e+01
1.956920000000000014e-03 3.173100479149346853e+01
1.970229999999999898e-03 3.025922464111858545e+01
1.983550000000000157e-03 2.884681084433575293e+01
1.996860000000000041e-03 2.749008884417551002e+01
2.010169999999999926e-03 2.618407146794729101e+01
2.023479999999999810e-03 2.492382400803505504e+01
2.036800000000000069e-03 2.370514508253979358e+01
2.050109999999999953e-03 2.252612202757270055e+01
2.063419999999999838e-03 2.138334054158718445e+01
2.076730000000000156e-03 2.027435852855483489e+01
2.090049999999999981e-03 1.919669743394069528e+01
2.103359999999999865e-03 1.815074553804340241e+01
2.116670000000000183e-03 1.713479115028556521e+01
2.129980000000000068e-03 1.614858852124073252e+01
2.143299999999999893e-03 1.519113221504441569e+01
2.156610000000000211e-03 1.426425589428151142e+01
2.169920000000000095e-03 1.336737722784478422e+01
2.183229999999999980e-03 1.250122060834296889e+01
2.196539999999999864e-03 1.166611551232256971e+01
2.209860000000000123e-03 1.086222540863076702e+01
2.223170000000000007e-03 1.009109199880513508e+01
2.236479999999999892e-03 9.352701996061602685e+00
2.249790000000000210e-03 8.647253119334271432e+00
2.263110000000000035e-03 7.974523290171958934e+00
2.276419999999999919e-03 7.335479694976219101e+00
2.289729999999999804e-03 6.729546494777503440e+00
2.303040000000000122e-03 6.156412368684098801e+00
2.316359999999999947e-03 5.615265242030154980e+00
2.329669999999999831e-03 5.106340089359360235e+00
2.342980000000000149e-03 4.628559809911916290e+00
2.356290000000000034e-03 4.181133430073376012e+00
2.369609999999999859e-03 3.762890270917772284e+00
2.382920000000000177e-03 3.373517895407376344e+00
2.396230000000000061e-03 3.011757512913781909e+00
2.409539999999999946e-03 2.676583169160230646e+00
2.422860000000000204e-03 2.366782520131634815e+00
2.436170000000000089e-03 2.081757197993474584e+00
2.449479999999999973e-03 1.820298576114878886e+00
2.462789999999999858e-03 1.581328402130056654e+00
2.476100000000000176e-03 1.363861649832924350e+00
2.489420000000000001e-03 1.166669787686537285e+00
2.502729999999999885e-03 9.890268205436665294e-01
2.516040000000000203e-03 8.296998146246951089e-01
2.529350000000000088e-03 6.876155332550210053e-01
2.542669999999999913e-03 5.615693230028033778e-01
2.555979999999999797e-03 4.506314744768696867e-01
2.569290000000000115e-03 3.535786948435182264e-01
2.582600000000000000e-03 2.692724263446356070e-01
2.595919999999999825e-03 1.965241549549618660e-01
2.609230000000000143e-03 1.343290331069084687e-01
2.622540000000000027e-03 8.153391040125244904e-02
2.635849999999999912e-03 3.719024420962353805e-02
2.649170000000000171e-03 0.000000000000000000e+00
