1.331239999999999980e-05 1.071074212994700247e+03
2.662479999999999960e-05 1.065228304380262443e+03
3.993720000000000110e-05 1.061054180772478276e+03
5.324959999999999920e-05 1.057453275491373461e+03
6.656200000000000408e-05 1.054088911883589390e+03
7.987440000000000219e-05 1.050806080491373677e+03
9.318669999999999330e-05 1.047521755367439710e+03
1.064989999999999980e-04 1.044180544248218212e+03
1.198119999999999974e-04 1.040748761814533964e+03
1.331240000000000082e-04 1.037198112279332236e+03
1.464360000000000054e-04 1.033511669899909066e+03
1.597489999999999913e-04 1.029670879127184435e+03
1.730609999999999885e-04 1.025667099706812223e+03
1.863730000000000128e-04 1.021486642934733027e+03
1.996859999999999987e-04 1.017123538896453624e+03
2.129979999999999959e-04 1.012567423179675416e+03
2.263110000000000089e-04 1.007813521487062644e+03
2.396230000000000061e-04 1.002852499753195048e+03
2.529349999999999763e-04 9.976805370282936565e+02
2.662480000000000163e-04 9.922873560223039249e+02
2.795599999999999865e-04 9.866708278015593123e+02
2.928730000000000265e-04 9.808200232947737049e+02
3.061849999999999967e-04 9.747336754842425535e+02
3.194970000000000210e-04 9.684013962112230729e+02
3.328100000000000069e-04 9.618217167185681546e+02
3.461219999999999770e-04 9.549864685638247011e+02
3.594350000000000171e-04 9.478952349047372081e+02
3.727469999999999872e-04 9.405414660929743604e+02
3.860590000000000115e-04 9.329272160152177094e+02
3.993719999999999974e-04 9.250464926712550096e+02
4.126840000000000217e-04 9.169052947392329997e+02
4.259970000000000076e-04 9.084996593605969792e+02
4.393089999999999777e-04 8.998379651160430512e+02
4.526210000000000021e-04 8.909197445204912356e+02
4.659339999999999879e-04 8.817536600112435963e+02
4.792460000000000123e-04 8.723444407944861041e+02
4.925590000000000523e-04 8.627018568887158381e+02
5.058709999999999683e-04 8.528339415341617951e+02
5.191829999999999926e-04 8.427526559605515786e+02
5.324960000000000327e-04 8.324667432852710363e+02
5.458079999999999486e-04 8.219915146853537635e+02
5.591199999999999729e-04 8.113380252400684185e+02
5.724330000000000130e-04 8.005196826690699936e+02
5.857450000000000373e-04 7.895515758424717205e+02
5.990579999999999690e-04 7.784459575175432064e+02
6.123699999999999933e-04 7.672186926534670874e+02
6.256820000000000177e-04 7.558820283012444179e+02
6.389949999999999493e-04 7.444491292152265487e+02
6.523069999999999737e-04 7.329337352599836777e+02
6.656200000000000137e-04 7.213474274790354457e+02
6.789320000000000381e-04 7.097028468126547978e+02
6.922439999999999540e-04 6.980116340203715026e+02
7.055569999999999941e-04 6.862828607183971599e+02
7.188690000000000184e-04 6.745302626082841471e+02
7.321819999999999501e-04 6.627612719301698689e+02
7.454939999999999744e-04 6.509894382070176562e+02
7.588059999999999987e-04 6.392224587352735625e+02
7.721190000000000388e-04 6.274711587968995445e+02
7.854309999999999547e-04 6.157452822764648772e+02
7.987439999999999948e-04 6.040544133951093499e+02
8.120560000000000191e-04 5.924074614780274715e+02
8.253680000000000435e-04 5.808140723609415090e+02
8.386809999999999751e-04 5.692794448973672843e+02
8.519929999999999995e-04 5.578144962928392943e+02
8.653050000000000238e-04 5.464231323533509794e+02
8.786179999999999555e-04 5.351120588643931342e+02
8.919299999999999798e-04 5.238866163111200649e+02
9.052430000000000199e-04 5.127510732507727198e+02
9.185550000000000442e-04 5.017099247618772893e+02
9.318669999999999601e-04 4.907672329404615539e+02
9.451800000000000002e-04 4.799245760886706194e+02
9.584920000000000245e-04 4.691881154759789752e+02
9.718049999999999562e-04 4.585584880491717854e+02
9.851169999999999805e-04 4.480419370518707183e+02
9.984289999999998964e-04 4.376397304234222361e+02
1.011739999999999905e-03 4.273571432559804748e+02
1.025050000000000006e-03 4.171967161165966900e+02
1.038370000000000048e-03 4.071552452291052759e+02
1.051679999999999933e-03 3.972465339961045174e+02
1.064990000000000034e-03 3.874676998702543074e+02
1.078299999999999918e-03 3.778181216988991764e+02
1.091619999999999960e-03 3.682920747974771416e+02
1.104930000000000061e-03 3.589016789939392424e+02
1.118239999999999946e-03 3.496384974109909649e+02
1.131550000000000047e-03 3.404991109281624517e+02
1.144870000000000089e-03 3.314730388280901821e+02
1.158179999999999973e-03 3.225696150510626694e+02
1.171490000000000075e-03 3.137768735158407480e+02
1.184799999999999959e-03 3.050905464204638520e+02
1.198120000000000001e-03 2.964992993210773875e+02
1.211430000000000102e-03 2.880125800683676403e+02
1.224739999999999987e-03 2.796209830389457238e+02
1.238050000000000088e-03 2.713225779192907225e+02
1.251359999999999972e-03 2.631179172855702859e+02
1.264680000000000014e-03 2.550009208394122879e+02
1.277989999999999899e-03 2.469884701600158508e+02
1.291300000000000000e-03 2.390763513507515654e+02
1.304610000000000101e-03 2.312731977331318944e+02
1.317929999999999926e-03 2.235766712194680395e+02
1.331240000000000027e-03 2.160098643895823614e+02
1.344549999999999912e-03 2.085712021081330363e+02
1.357860000000000013e-03 2.012735357027701752e+02
1.371180000000000055e-03 1.941157506154909811e+02
1.384489999999999939e-03 1.871210125034093323e+02
1.397800000000000041e-03 1.802874370304141962e+02
1.411109999999999925e-03 1.736254917458259115e+02
1.424429999999999967e-03 1.671325128808938132e+02
1.437740000000000068e-03 1.608257329726130251e+02
1.451049999999999953e-03 1.547008510927052214e+02
1.464360000000000054e-03 1.487619414937751117e+02
1.477680000000000096e-03 1.430036403468264439e+02
1.490989999999999980e-03 1.374353239386283292e+02
1.504300000000000082e-03 1.320501841185285912e+02
1.517609999999999966e-03 1.268461491117736415e+02
1.530930000000000008e-03 1.218158459637606512e+02
1.544239999999999892e-03 1.169626491325120980e+02
1.557549999999999994e-03 1.122784791286272394e+02
1.570860000000000095e-03 1.077577786701308469e+02
1.584169999999999979e-03 1.033958709323087248e+02
1.597490000000000021e-03 9.918339496208955097e+01
1.610799999999999906e-03 9.512181684895587352e+01
1.624110000000000007e-03 9.120165717152460161e+01
1.637420000000000108e-03 8.741808204710534369e+01
1.650739999999999933e-03 8.376223299032460545e+01
1.664050000000000034e-03 8.023495530377060447e+01
1.677359999999999919e-03 7.682777725983558526e+01
1.690670000000000020e-03 7.353633615243812471e+01
1.703990000000000062e-03 7.035306643335698595e+01
1.717299999999999946e-03 6.727870105861201466e+01
1.730610000000000048e-03 6.430634335094308085e+01
1.743919999999999932e-03 6.143232154626160479e+01
1.757239999999999974e-03 5.865075756976444410e+01
1.770550000000000075e-03 5.596258448815808606e+01
1.783859999999999960e-03 5.336270204352916124e+01
1.797170000000000061e-03 5.084827793317600708e+01
1.810490000000000103e-03 4.841525676469478867e+01
1.823799999999999987e-03 4.606486226356787483e+01
1.837110000000000088e-03 4.379375685636349402e+01
1.850419999999999973e-03 4.159986031570871745e+01
1.863730000000000074e-03 3.948223794684382426e+01
1.877049999999999899e-03 3.743759764391422351e+01
1.890360000000000000e-03 3.546842789973148768e+01
1.903670000000000102e-03 3.357169595595266998e+01
1.916979999999999986e-03 3.174698182679885150e+01
1.930300000000000028e-03 2.999161337369596581e+01
1.943609999999999912e-03 2.830778821505715825e+01
1.956920000000000014e-03 2.669289877331868865e+01
1.970229999999999898e-03 2.514633942656534771e+01
1.983550000000000157e-03 2.366566620939575927e+01
1.996860000000000041e-03 2.225224323788267000e+01
2.010169999999999926e-03 2.090353628649189233e+01
2.023479999999999810e-03 1.961837741281853553e+01
2.036800000000000069e-03 1.839429473766821843e+01
2.050109999999999953e-03 1.723164269509954138e+01
2.063419999999999838e-03 1.612784956088980337e+01
2.076730000000000156e-03 1.508113977054973986e+01
2.090049999999999981e-03 1.408902639704578696e+01
2.103359999999999865e-03 1.315100113102976565e+01
2.116670000000000183e-03 1.226453339931680198e+01
2.129980000000000068e-03 1.142748042987517820e+01
2.143299999999999893e-03 1.063742926732407312e+01
2.156610000000000211e-03 9.893358194346168588e+00
2.169920000000000095e-03 9.192867625324394609e+00
2.183229999999999980e-03 8.533717319933828094e+00
2.196539999999999864e-03 7.914126580370658637e+00
2.209860000000000123e-03 7.331455800640950926e+00
2.223170000000000007e-03 6.784818104973505903e+00
2.236479999999999892e-03 6.271654830941137959e+00
2.249790000000000210e-03 5.790250675574561967e+00
2.263110000000000035e-03 5.338253167980089309e+00
2.276419999999999919e-03 4.914700675140690755e+00
2.289729999999999804e-03 4.517407765660316876e+00
2.303040000000000122e-03 4.144844219449812961e+00
2.316359999999999947e-03 3.795113233000472874e+00
2.329669999999999831e-03 3.467361772855750424e+00
2.342980000000000149e-03 3.159959675807682444e+00
2.356290000000000034e-03 2.871713785144314635e+00
2.369609999999999859e-03 2.601339562468879762e+00
2.382920000000000177e-03 2.348256352747504661e+00
2.396230000000000061e-03 2.111463078384915537e+00
2.409539999999999946e-03 1.890177112161040229e+00
2.422860000000000204e-03 1.683677789556349502e+00
2.436170000000000089e-03 1.491664961509566290e+00
2.449479999999999973e-03 1.313581261580459181e+00
2.462789999999999858e-03 1.148934795500423656e+00
2.476100000000000176e-03 9.973884867528398646e-01
2.489420000000000001e-03 8.584032515336491587e-01
2.502729999999999885e-03 7.318252853760119914e-01
2.516040000000000203e-03 6.171090006969989217e-01
2.529350000000000088e-03 5.138051836560347807e-01
2.542669999999999913e-03 4.213409584027665300e-01
2.555979999999999797e-03 3.392950509808949078e-01
2.569290000000000115e-03 2.670107487511169664e-01
2.582600000000000000e-03 2.038281004653947348e-01
2.595919999999999825e-03 1.490378905161372225e-01
2.609230000000000143e-03 1.020026700446733520e-01
2.622540000000000027e-03 6.196838095004638530e-02
2.635849999999999912e-03 2.827060151024601495e-02
2.649170000000000171e-03 0.000000000000000000e+00
