1.331239999999999980e-05 1.075556062850618900e+03
2.662479999999999960e-05 1.066797962716373831e+03
3.993720000000000110e-05 1.060689718406174507e+03
5.324959999999999920e-05 1.055524226605262811e+03
6.656200000000000408e-05 1.050780293961729967e+03
7.987440000000000219e-05 1.046223364938595978e+03
9.318669999999999330e-05 1.041726936514648514e+03
1.064989999999999980e-04 1.037211739428265673e+03
1.198119999999999974e-04 1.032628329258586973e+03
1.331240000000000082e-04 1.027939920226416234e+03
1.464360000000000054e-04 1.023124084637445662e+03
1.597489999999999913e-04 1.018160397362182721e+03
1.730609999999999885e-04 1.013040803896701959e+03
1.863730000000000128e-04 1.007754332404314141e+03
1.996859999999999987e-04 1.002299595913916846e+03
2.129979999999999959e-04 9.966731635439589354e+02
2.263110000000000089e-04 9.908780189651678256e+02
2.396230000000000061e-04 9.849153171156380040e+02
2.529349999999999763e-04 9.787912836801923504e+02
2.662480000000000163e-04 9.725089264394621296e+02
2.795599999999999865e-04 9.660771923890034714e+02
2.928730000000000265e-04 9.595003313253249644e+02
3.061849999999999967e-04 9.527876300977255823e+02
3.194970000000000210e-04 9.459443694889973813e+02
3.328100000000000069e-04 9.389775700077234433e+02
3.461219999999999770e-04 9.318937503507702331e+02
3.594350000000000171e-04 9.246978670454775511e+02
3.727469999999999872e-04 9.173951837003554601e+02
3.860590000000000115e-04 9.099892668083568879e+02
3.993719999999999974e-04 9.024816697457896453e+02
4.126840000000000217e-04 8.948754429426702472e+02
4.259970000000000076e-04 8.871690010988178301e+02
4.393089999999999777e-04 8.793631664635230436e+02
4.526210000000000021e-04 8.714540486713368637e+02
4.659339999999999879e-04 8.634386910836701645e+02
4.792460000000000123e-04 8.553121941606160590e+02
4.925590000000000523e-04 8.470695097133981335e+02
5.058709999999999683e-04 8.387034628925379138e+02
5.191829999999999926e-04 8.302089002907694066e+02
5.324960000000000327e-04 8.215754479788226945e+02
5.458079999999999486e-04 8.128001534651638167e+02
5.591199999999999729e-04 8.038725317827597792e+02
5.724330000000000130e-04 7.947889387263717254e+02
5.857450000000000373e-04 7.855423906066827158e+02
5.990579999999999690e-04 7.761305558423177899e+02
6.123699999999999933e-04 7.665493486438057289e+02
6.256820000000000177e-04 7.567997111703463133e+02
6.389949999999999493e-04 7.468793048285278928e+02
6.523069999999999737e-04 7.367941095748670932e+02
6.656200000000000137e-04 7.265454963388056058e+02
6.789320000000000381e-04 7.161421731246746276e+02
6.922439999999999540e-04 7.055907974994379401e+02
7.055569999999999941e-04 6.949000295272990115e+02
7.188690000000000184e-04 6.840830756170383893e+02
7.321819999999999501e-04 6.731493734990260691e+02
7.454939999999999744e-04 6.621155872085270175e+02
7.588059999999999987e-04 6.509928275701773828e+02
7.721190000000000388e-04 6.397976598964609138e+02
7.854309999999999547e-04 6.285437999587669538e+02
7.987439999999999948e-04 6.172481054757066659e+02
8.120560000000000191e-04 6.059237514435571939e+02
8.253680000000000435e-04 5.945883270825515865e+02
8.386809999999999751e-04 5.832512832470636113e+02
8.519929999999999995e-04 5.719316326096629837e+02
8.653050000000000238e-04 5.606371655753483765e+02
8.786179999999999555e-04 5.493823504342409478e+02
8.919299999999999798e-04 5.381757022792389762e+02
9.052430000000000199e-04 5.270283103515578205e+02
9.185550000000000442e-04 5.159468897481687009e+02
9.318669999999999601e-04 5.049407397280870100e+02
9.451800000000000002e-04 4.940124952330515953e+02
9.584920000000000245e-04 4.831716687336655696e+02
9.718049999999999562e-04 4.724188242183400348e+02
9.851169999999999805e-04 4.617617477458522899e+02
9.984289999999998964e-04 4.512010177394341213e+02
1.011739999999999905e-03 4.407425706138824353e+02
1.025050000000000006e-03 4.303873351846464175e+02
1.038370000000000048e-03 4.201315687617138224e+02
1.051679999999999933e-03 4.099913137312706226e+02
1.064990000000000034e-03 3.999630852829887999e+02
1.078299999999999918e-03 3.900483745547091985e+02
1.091619999999999960e-03 3.802455246588836530e+02
1.104930000000000061e-03 3.705662197723095233e+02
1.118239999999999946e-03 3.610091494669623557e+02
1.131550000000000047e-03 3.515748017258476921e+02
1.144870000000000089e-03 3.422599046442227291e+02
1.158179999999999973e-03 3.330781637946365663e+02
1.171490000000000075e-03 3.240261064015540455e+02
1.184799999999999959e-03 3.151033015663961123e+02
1.198120000000000001e-03 3.063065430911475460e+02
1.211430000000000102e-03 2.976485184393953318e+02
1.224739999999999987e-03 2.891260879932527246e+02
1.238050000000000088e-03 2.807387906053101574e+02
1.251359999999999972e-03 2.724904753360582959e+02
1.264680000000000014e-03 2.643747708273506873e+02
1.277989999999999899e-03 2.564080378074158943e+02
1.291300000000000000e-03 2.485839240733465374e+02
1.304610000000000101e-03 2.409066944938925872e+02
1.317929999999999926e-03 2.333703521995637971e+02
1.331240000000000027e-03 2.259900494757003742e+02
1.344549999999999912e-03 2.187594226165315661e+02
1.357860000000000013e-03 2.116813721496341714e+02
1.371180000000000055e-03 2.047495135844371248e+02
1.384489999999999939e-03 1.979758588191305080e+02
1.397800000000000041e-03 1.913534119004891068e+02
1.411109999999999925e-03 1.848824176804606907e+02
1.424429999999999967e-03 1.785558176792678182e+02
1.437740000000000068e-03 1.723821414529421077e+02
1.451049999999999953e-03 1.663539122716751706e+02
1.464360000000000054e-03 1.604692773484563020e+02
1.477680000000000096e-03 1.547209783141905746e+02
1.490989999999999980e-03 1.491152481981013125e+02
1.504300000000000082e-03 1.436447414724195539e+02
1.517609999999999966e-03 1.383068080276261185e+02
1.530930000000000008e-03 1.330945998184827772e+02
1.544239999999999892e-03 1.280132547219118351e+02
1.557549999999999994e-03 1.230560457471509466e+02
1.570860000000000095e-03 1.182204027526241958e+02
1.584169999999999979e-03 1.135037119488923025e+02
1.597490000000000021e-03 1.089002250873924567e+02
1.610799999999999906e-03 1.044144074756300711e+02
1.624110000000000007e-03 1.000408662911128772e+02
1.637420000000000108e-03 9.577735062122214060e+01
1.650739999999999933e-03 9.161923944705021938e+01
1.664050000000000034e-03 8.757072658626765360e+01
1.677359999999999919e-03 8.362764208100696806e+01
1.690670000000000020e-03 7.978813800937435019e+01
1.703990000000000062e-03 7.604882294395636677e+01
1.717299999999999946e-03 7.241366373561309899e+01
1.730610000000000048e-03 6.887971499686608468e+01
1.743919999999999932e-03 6.544551136143532233e+01
1.757239999999999974e-03 6.210883085689582117e+01
1.770550000000000075e-03 5.887337232766044792e+01
1.783859999999999960e-03 5.573729140412537930e+01
1.797170000000000061e-03 5.269941926563354428e+01
1.810490000000000103e-03 4.975849800823853286e+01
1.823799999999999987e-03 4.691786391279809720e+01
1.837110000000000088e-03 4.417646355946646963e+01
1.850419999999999973e-03 4.153324801489410589e+01
1.863730000000000074e-03 3.898942075531439144e+01
1.877049999999999899e-03 3.654210695214586480e+01
1.890360000000000000e-03 3.419600995861288339e+01
1.903670000000000102e-03 3.194821149444249286e+01
1.916979999999999986e-03 2.979941285023764763e+01
1.930300000000000028e-03 2.774686812242129719e+01
1.943609999999999912e-03 2.579389423433259410e+01
1.956920000000000014e-03 2.393754544809498341e+01
1.970229999999999898e-03 2.217748224389327305e+01
1.983550000000000157e-03 2.051078988323899566e+01
1.996860000000000041e-03 1.893896551406588458e+01
2.010169999999999926e-03 1.745881234622113709e+01
2.023479999999999810e-03 1.606860836737480014e+01
2.036800000000000069e-03 1.476508396352277863e+01
2.050109999999999953e-03 1.354776001902224891e+01
2.063419999999999838e-03 1.241303875984321081e+01
2.076730000000000156e-03 1.135780625755174178e+01
2.090049999999999981e-03 1.037838676112055936e+01
2.103359999999999865e-03 9.472545062940863403e+00
2.116670000000000183e-03 8.636374711752445421e+00
2.129980000000000068e-03 7.865754934415146060e+00
2.143299999999999893e-03 7.156813123534830012e+00
2.156610000000000211e-03 6.506299444638717233e+00
2.169920000000000095e-03 5.910322947932457716e+00
2.183229999999999980e-03 5.364597757173826587e+00
2.196539999999999864e-03 4.865865126551517150e+00
2.209860000000000123e-03 4.409754496389774125e+00
2.223170000000000007e-03 3.993886565280384104e+00
2.236479999999999892e-03 3.614314930232790601e+00
2.249790000000000210e-03 3.268261029390020944e+00
2.263110000000000035e-03 2.952362952763815773e+00
2.276419999999999919e-03 2.664654659840019590e+00
2.289729999999999804e-03 2.402270533066073632e+00
2.303040000000000122e-03 2.163113771486675496e+00
2.316359999999999947e-03 1.944842035551451742e+00
2.329669999999999831e-03 1.746009776381507672e+00
2.342980000000000149e-03 1.564675938834539926e+00
2.356290000000000034e-03 1.399354322355651714e+00
2.369609999999999859e-03 1.248489618983742222e+00
2.382920000000000177e-03 1.111071866819001608e+00
2.396230000000000061e-03 9.858364815805092940e-01
2.409539999999999946e-03 8.717612296940079331e-01
2.422860000000000204e-03 7.678540380040569380e-01
2.436170000000000089e-03 6.734326426592256443e-01
2.449479999999999973e-03 5.877028428456858578e-01
2.462789999999999858e-03 5.099776871054388927e-01
2.476100000000000176e-03 4.396893684925977652e-01
2.489420000000000001e-03 3.762277301424771792e-01
2.502729999999999885e-03 3.192203618673386534e-01
2.516040000000000203e-03 2.681501884133569713e-01
2.529350000000000088e-03 2.226115893006600233e-01
2.542669999999999913e-03 1.821642911252665253e-01
2.555979999999999797e-03 1.464974730355363686e-01
2.569290000000000115e-03 1.152075755417066028e-01
2.582600000000000000e-03 8.794119866484800818e-02
2.595919999999999825e-03 6.432802893037010972e-02
2.609230000000000143e-03 4.406519561592374401e-02
2.622540000000000027e-03 2.680084197429468892e-02
2.635849999999999912e-03 1.224495143568012957e-02
2.649170000000000171e-03 0.000000000000000000e+00
