1.331239999999999980e-05 4.771601925474226391e+02
2.662479999999999960e-05 4.770932193386616973e+02
3.993720000000000110e-05 4.770389430140893410e+02
5.324959999999999920e-05 4.769863886719950301e+02
6.656200000000000408e-05 4.769316051474226015e+02
7.987440000000000219e-05 4.768722758164394691e+02
9.318669999999999330e-05 4.768067312006093061e+02
1.064989999999999980e-04 4.767334823643183768e+02
1.198119999999999974e-04 4.766512790482183846e+02
1.331240000000000082e-04 4.765588032596830885e+02
1.464360000000000054e-04 4.764550158279841412e+02
1.597489999999999913e-04 4.763386516373345785e+02
1.730609999999999885e-04 4.762089016923960116e+02
1.863730000000000128e-04 4.760645919063259157e+02
1.996859999999999987e-04 4.759050768697834428e+02
2.129979999999999959e-04 4.757293233519625346e+02
2.263110000000000089e-04 4.755367746887773137e+02
2.396230000000000061e-04 4.753264493046697226e+02
2.529349999999999763e-04 4.750977188922656751e+02
2.662480000000000163e-04 4.748494200229107491e+02
2.795599999999999865e-04 4.745806160452801237e+02
2.928730000000000265e-04 4.742896670188588359e+02
3.061849999999999967e-04 4.739749526662997141e+02
3.194970000000000210e-04 4.736339734994353989e+02
3.328100000000000069e-04 4.732640430997274734e+02
3.461219999999999770e-04 4.728614195168799483e+02
3.594350000000000171e-04 4.724222070012802419e+02
3.727469999999999872e-04 4.719410102284261939e+02
3.860590000000000115e-04 4.714128412324476471e+02
3.993719999999999974e-04 4.708304307948347969e+02
4.126840000000000217e-04 4.701881314530110103e+02
4.259970000000000076e-04 4.694771264832563702e+02
4.393089999999999777e-04 4.686915912499106867e+02
4.526210000000000021e-04 4.678219285592246024e+02
4.659339999999999879e-04 4.668626437821271224e+02
4.792460000000000123e-04 4.658044574076205890e+02
4.925590000000000523e-04 4.646429423827851792e+02
5.058709999999999683e-04 4.633699283314239210e+02
5.191829999999999926e-04 4.619825917932487300e+02
5.324960000000000327e-04 4.604742148690668841e+02
5.458079999999999486e-04 4.588438405338080202e+02
5.591199999999999729e-04 4.570866211063786295e+02
5.724330000000000130e-04 4.552024004789020069e+02
5.857450000000000373e-04 4.531882046502017261e+02
5.990579999999999690e-04 4.510442604367477770e+02
6.123699999999999933e-04 4.487683070199348663e+02
6.256820000000000177e-04 4.463606788152607123e+02
6.389949999999999493e-04 4.438184306686660534e+02
6.523069999999999737e-04 4.411420488123964674e+02
6.656200000000000137e-04 4.383276367493896828e+02
6.789320000000000381e-04 4.353754243324545996e+02
6.922439999999999540e-04 4.322809551430394777e+02
7.055569999999999941e-04 4.290438504799126918e+02
7.188690000000000184e-04 4.256602566110196904e+02
7.321819999999999501e-04 4.221300938531421707e+02
7.454939999999999744e-04 4.184504343259890788e+02
7.588059999999999987e-04 4.146225727532332712e+02
7.721190000000000388e-04 4.106446227926091410e+02
7.854309999999999547e-04 4.065202158142238318e+02
7.987439999999999948e-04 4.022497293800089437e+02
8.120560000000000191e-04 3.978383291422230741e+02
8.253680000000000435e-04 3.932894762629155707e+02
8.386809999999999751e-04 3.886085977333060555e+02
8.519929999999999995e-04 3.838026552574495440e+02
8.653050000000000238e-04 3.788778734177275851e+02
8.786179999999999555e-04 3.738419814778440582e+02
8.919299999999999798e-04 3.687026822991243193e+02
9.052430000000000199e-04 3.634683758468846690e+02
9.185550000000000442e-04 3.581467799772814828e+02
9.318669999999999601e-04 3.527470278784286961e+02
9.451800000000000002e-04 3.472752648980637105e+02
9.584920000000000245e-04 3.417416047146775213e+02
9.718049999999999562e-04 3.361510348467492122e+02
9.851169999999999805e-04 3.305128004778288755e+02
9.984289999999998964e-04 3.248312840762335441e+02
1.011739999999999905e-03 3.191136813257166409e+02
1.025050000000000006e-03 3.133634519851662503e+02
1.038370000000000048e-03 3.075802930218874280e+02
1.051679999999999933e-03 3.017749413081133980e+02
1.064990000000000034e-03 2.959446906027902173e+02
1.078299999999999918e-03 2.900903084427778253e+02
1.091619999999999960e-03 2.842066863514683064e+02
1.104930000000000061e-03 2.783026881872419835e+02
1.118239999999999946e-03 2.723719355949036753e+02
1.131550000000000047e-03 2.664146041718636866e+02
1.144870000000000089e-03 2.604250842795916583e+02
1.158179999999999973e-03 2.544137469994429921e+02
1.171490000000000075e-03 2.483778967683555834e+02
1.184799999999999959e-03 2.423209499222043632e+02
1.198120000000000001e-03 2.362449423903578065e+02
1.211430000000000102e-03 2.301648294195000801e+02
1.224739999999999987e-03 2.240878836875022841e+02
1.238050000000000088e-03 2.180216463669219422e+02
1.251359999999999972e-03 2.119809109221296808e+02
1.264680000000000014e-03 2.059734649191178448e+02
1.277989999999999899e-03 2.000332257731080574e+02
1.291300000000000000e-03 1.941484122960978596e+02
1.304610000000000101e-03 1.883438189165896119e+02
1.317929999999999926e-03 1.826247570516684107e+02
1.331240000000000027e-03 1.770123297809955716e+02
1.344549999999999912e-03 1.715061877707244093e+02
1.357860000000000013e-03 1.661145418074383429e+02
1.371180000000000055e-03 1.608346742406446879e+02
1.384489999999999939e-03 1.556766713059714107e+02
1.397800000000000041e-03 1.506350875219106626e+02
1.411109999999999925e-03 1.457071582788020692e+02
1.424429999999999967e-03 1.408859808366479740e+02
1.437740000000000068e-03 1.361733019746074262e+02
1.451049999999999953e-03 1.315615563462779676e+02
1.464360000000000054e-03 1.270449738597456530e+02
1.477680000000000096e-03 1.226167384809154299e+02
1.490989999999999980e-03 1.182794195065704486e+02
1.504300000000000082e-03 1.140273695826426348e+02
1.517609999999999966e-03 1.098592387044099041e+02
1.530930000000000008e-03 1.057710753942155435e+02
1.544239999999999892e-03 1.017704144710532290e+02
1.557549999999999994e-03 9.785455173372153581e+01
1.570860000000000095e-03 9.402688329558877456e+01
1.584169999999999979e-03 9.028853866290532437e+01
1.597490000000000021e-03 8.664110823357921731e+01
1.610799999999999906e-03 8.309137448492271005e+01
1.624110000000000007e-03 7.964077433182642096e+01
1.637420000000000108e-03 7.629026015034081354e+01
1.650739999999999933e-03 7.304055428838924513e+01
1.664050000000000034e-03 6.989680124468983990e+01
1.677359999999999919e-03 6.685816683570280361e+01
1.690670000000000020e-03 6.392403249519517061e+01
1.703990000000000062e-03 6.109213402222732725e+01
1.717299999999999946e-03 5.836518866640417968e+01
1.730610000000000048e-03 5.573932778650903686e+01
1.743919999999999932e-03 5.321221871007627158e+01
1.757239999999999974e-03 5.077905146201909048e+01
1.770550000000000075e-03 4.844057417884155115e+01
1.783859999999999960e-03 4.619130517073382691e+01
1.797170000000000061e-03 4.402806790032340700e+01
1.810490000000000103e-03 4.194553689167332777e+01
1.823799999999999987e-03 3.994367110064072079e+01
1.837110000000000088e-03 3.801754794133257320e+01
1.850419999999999973e-03 3.616425670970554762e+01
1.863730000000000074e-03 3.438107371042254812e+01
1.877049999999999899e-03 3.266421474242267209e+01
1.890360000000000000e-03 3.101417516717513578e+01
1.903670000000000102e-03 2.942760663476235194e+01
1.916979999999999986e-03 2.790289735813719929e+01
1.930300000000000028e-03 2.643721697456971498e+01
1.943609999999999912e-03 2.503139175456493959e+01
1.956920000000000014e-03 2.368275767148083588e+01
1.970229999999999898e-03 2.238994911725901815e+01
1.983550000000000157e-03 2.115051409480177114e+01
1.996860000000000041e-03 1.996478423755792875e+01
2.010169999999999926e-03 1.883028936289434441e+01
2.023479999999999810e-03 1.774530521083002910e+01
2.036800000000000069e-03 1.670744217160476808e+01
2.050109999999999953e-03 1.571638115860862328e+01
2.063419999999999838e-03 1.476970622416756207e+01
2.076730000000000156e-03 1.386544003019150395e+01
2.090049999999999981e-03 1.300129904700317951e+01
2.103359999999999865e-03 1.217658291784689517e+01
2.116670000000000183e-03 1.138906884241363393e+01
2.129980000000000068e-03 1.063680759586744706e+01
2.143299999999999893e-03 9.917770999162197398e+00
2.156610000000000211e-03 9.231250918265596184e+00
2.169920000000000095e-03 8.575369444968110599e+00
2.183229999999999980e-03 7.948638072354234474e+00
2.196539999999999864e-03 7.349940931262098687e+00
2.209860000000000123e-03 6.777825570850256831e+00
2.223170000000000007e-03 6.232336997220550678e+00
2.236479999999999892e-03 5.712591092823291028e+00
2.249790000000000210e-03 5.218137927817707578e+00
2.263110000000000035e-03 4.748702388615854808e+00
2.276419999999999919e-03 4.304883178765475549e+00
2.289729999999999804e-03 3.886753951873171520e+00
2.303040000000000122e-03 3.494418923082360795e+00
2.316359999999999947e-03 3.128050960449860529e+00
2.329669999999999831e-03 2.788292473674955030e+00
2.342980000000000149e-03 2.474994349818419703e+00
2.356290000000000034e-03 2.187986051543373112e+00
2.369609999999999859e-03 1.926605533974511841e+00
2.382920000000000177e-03 1.690621580364580101e+00
2.396230000000000061e-03 1.478710722904897246e+00
2.409539999999999946e-03 1.289733193984575754e+00
2.422860000000000204e-03 1.121883843904309952e+00
2.436170000000000089e-03 9.738449703792924073e-01
2.449479999999999973e-03 8.435327681911942710e-01
2.462789999999999858e-03 7.291473012769191797e-01
2.476100000000000176e-03 6.287473147309793342e-01
2.489420000000000001e-03 5.404901730692281969e-01
2.502729999999999885e-03 4.628276392529286354e-01
2.516040000000000203e-03 3.941541823886412499e-01
2.529350000000000088e-03 3.331892770322659181e-01
2.542669999999999913e-03 2.787041154032024459e-01
2.555979999999999797e-03 2.299176508395084639e-01
2.569290000000000115e-03 1.859743034016632102e-01
2.582600000000000000e-03 1.463525144119027788e-01
2.595919999999999825e-03 1.105217528039225128e-01
2.609230000000000143e-03 7.823828625295015105e-02
2.622540000000000027e-03 4.918280303996296760e-02
2.635849999999999912e-03 2.318619737019476587e-02
2.649170000000000171e-03 0.000000000000000000e+00
