1.331239999999999980e-05 1.047362215609274017e+03
2.662479999999999960e-05 1.043207942542707315e+03
3.993720000000000110e-05 1.040163920053718584e+03
5.324959999999999920e-05 1.037474116987151547e+03
6.656200000000000408e-05 1.034894417831496185e+03
7.987440000000000219e-05 1.032314558098262751e+03
9.318669999999999330e-05 1.029664625098044098e+03
1.064989999999999980e-04 1.026902228635258552e+03
1.198119999999999974e-04 1.023992464034171235e+03
1.331240000000000082e-04 1.020911758849370244e+03
1.464360000000000054e-04 1.017639342732617365e+03
1.597489999999999913e-04 1.014159619560881652e+03
1.730609999999999885e-04 1.010461609830153293e+03
1.863730000000000128e-04 1.006535894231349744e+03
1.996859999999999987e-04 1.002377795190874963e+03
2.129979999999999959e-04 9.979844822531152886e+02
2.263110000000000089e-04 9.933566045452502067e+02
2.396230000000000061e-04 9.884966968801658140e+02
2.529349999999999763e-04 9.834098510308768937e+02
2.662480000000000163e-04 9.781019372003549961e+02
2.795599999999999865e-04 9.725816794767679312e+02
2.928730000000000265e-04 9.668574759136582770e+02
3.061849999999999967e-04 9.609388723408546866e+02
3.194970000000000210e-04 9.548360424565163385e+02
3.328100000000000069e-04 9.485564099487201020e+02
3.461219999999999770e-04 9.421113326849371106e+02
3.594350000000000171e-04 9.355057218712177018e+02
3.727469999999999872e-04 9.287493985389995714e+02
3.860590000000000115e-04 9.218451711206504342e+02
3.993719999999999974e-04 9.147988515440086985e+02
4.126840000000000217e-04 9.076120783140024741e+02
4.259970000000000076e-04 9.002870766282246677e+02
4.393089999999999777e-04 8.928230555142456524e+02
4.526210000000000021e-04 8.852196673799311384e+02
4.659339999999999879e-04 8.774725297432144089e+02
4.792460000000000123e-04 8.695803261540497715e+02
4.925590000000000523e-04 8.615368376674546198e+02
5.058709999999999683e-04 8.533389029447683924e+02
5.191829999999999926e-04 8.449804155205040388e+02
5.324960000000000327e-04 8.364555526450386651e+02
5.458079999999999486e-04 8.277605938901082254e+02
5.591199999999999729e-04 8.188900099160250647e+02
5.724330000000000130e-04 8.098394590325027593e+02
5.857450000000000373e-04 8.006070160858902227e+02
5.990579999999999690e-04 7.911894369936374005e+02
6.123699999999999933e-04 7.815875373340933265e+02
6.256820000000000177e-04 7.718008744589819798e+02
6.389949999999999493e-04 7.618314777471349544e+02
6.523069999999999737e-04 7.516833354520612147e+02
6.656200000000000137e-04 7.413613060268907020e+02
6.789320000000000381e-04 7.308714618104529563e+02
6.922439999999999540e-04 7.202229394067136354e+02
7.055569999999999941e-04 7.094211061544614267e+02
7.188690000000000184e-04 6.984807460368680267e+02
7.321819999999999501e-04 6.874076180542861039e+02
7.454939999999999744e-04 6.762193138165390565e+02
7.588059999999999987e-04 6.649231975554071141e+02
7.721190000000000388e-04 6.535365541727179561e+02
7.854309999999999547e-04 6.420697466966188358e+02
7.987439999999999948e-04 6.305408573236550183e+02
8.120560000000000191e-04 6.189603869448845899e+02
8.253680000000000435e-04 6.073483534130383532e+02
8.386809999999999751e-04 5.957123637994234286e+02
8.519929999999999995e-04 5.840756184826362869e+02
8.653050000000000238e-04 5.724449889702347036e+02
8.786179999999999555e-04 5.608408045676843585e+02
8.919299999999999798e-04 5.492714004120957725e+02
9.052430000000000199e-04 5.377550370125015888e+02
9.185550000000000442e-04 5.262983702977364828e+02
9.318669999999999601e-04 5.149182488344918056e+02
9.451800000000000002e-04 5.036166126547641397e+02
9.584920000000000245e-04 4.924095545791790300e+02
9.718049999999999562e-04 4.812957834281702958e+02
9.851169999999999805e-04 4.702873367307992112e+02
9.984289999999998964e-04 4.593814343019889179e+02
1.011739999999999905e-03 4.485852174210472185e+02
1.025050000000000006e-03 4.378948583100683436e+02
1.038370000000000048e-03 4.273048259433056160e+02
1.051679999999999933e-03 4.168262297004840775e+02
1.064990000000000034e-03 4.064528005138253093e+02
1.078299999999999918e-03 3.961798413264218084e+02
1.091619999999999960e-03 3.860021699228084344e+02
1.104930000000000061e-03 3.759313555865384728e+02
1.118239999999999946e-03 3.659643681306348526e+02
1.131550000000000047e-03 3.561004240886173307e+02
1.144870000000000089e-03 3.463428875032089422e+02
1.158179999999999973e-03 3.367012830794428737e+02
1.171490000000000075e-03 3.271816044261931893e+02
1.184799999999999959e-03 3.177886465833350940e+02
1.198120000000000001e-03 3.085266319102404395e+02
1.211430000000000102e-03 2.994132171415067205e+02
1.224739999999999987e-03 2.904532088568071799e+02
1.238050000000000088e-03 2.816495165739511322e+02
1.251359999999999972e-03 2.730115603020708477e+02
1.264680000000000014e-03 2.645340756498166002e+02
1.277989999999999899e-03 2.562351301235808023e+02
1.291300000000000000e-03 2.481072112575347148e+02
1.304610000000000101e-03 2.401510365610558324e+02
1.317929999999999926e-03 2.323576544459091338e+02
1.331240000000000027e-03 2.247355862562850177e+02
1.344549999999999912e-03 2.172745017443956783e+02
1.357860000000000013e-03 2.099689605646206303e+02
1.371180000000000055e-03 2.028087383074142735e+02
1.384489999999999939e-03 1.957988558200061391e+02
1.397800000000000041e-03 1.889295303130451487e+02
1.411109999999999925e-03 1.821964835716618154e+02
1.424429999999999967e-03 1.755915151347247729e+02
1.437740000000000068e-03 1.691227600527802792e+02
1.451049999999999953e-03 1.627833633458076577e+02
1.464360000000000054e-03 1.565742489376478090e+02
1.477680000000000096e-03 1.504902298435949035e+02
1.490989999999999980e-03 1.445434741524337028e+02
1.504300000000000082e-03 1.387296023167356225e+02
1.517609999999999966e-03 1.330526870357034568e+02
1.530930000000000008e-03 1.275090402695090432e+02
1.544239999999999892e-03 1.221108301736642261e+02
1.557549999999999994e-03 1.168540581286582949e+02
1.570860000000000095e-03 1.117413137016073250e+02
1.584169999999999979e-03 1.067720396014596247e+02
1.597490000000000021e-03 1.019434264643238919e+02
1.610799999999999906e-03 9.726119574744302554e+01
1.624110000000000007e-03 9.272073183038300215e+01
1.637420000000000108e-03 8.831965330391041391e+01
1.650739999999999933e-03 8.405250615375106804e+01
1.664050000000000034e-03 7.992278143123108691e+01
1.677359999999999919e-03 7.592465188521967434e+01
1.690670000000000020e-03 7.205515535043754483e+01
1.703990000000000062e-03 6.830945580352145896e+01
1.717299999999999946e-03 6.469063892748887667e+01
1.730610000000000048e-03 6.119528006111242746e+01
1.743919999999999932e-03 5.782157078128950189e+01
1.757239999999999974e-03 5.456819351210910440e+01
1.770550000000000075e-03 5.143904317044037811e+01
1.783859999999999960e-03 4.843431177413590660e+01
1.797170000000000061e-03 4.555362931880401334e+01
1.810490000000000103e-03 4.279830137704254867e+01
1.823799999999999987e-03 4.017225249706983448e+01
1.837110000000000088e-03 3.767645012600725352e+01
1.850419999999999973e-03 3.531026489509297761e+01
1.863730000000000074e-03 3.307522518571246195e+01
1.877049999999999899e-03 3.096821025632933910e+01
1.890360000000000000e-03 2.899144874180558062e+01
1.903670000000000102e-03 2.714056169164727450e+01
1.916979999999999986e-03 2.541178444660802427e+01
1.930300000000000028e-03 2.379967632160753865e+01
1.943609999999999912e-03 2.230028273665679706e+01
1.956920000000000014e-03 2.090694406433063790e+01
1.970229999999999898e-03 1.961137899977002519e+01
1.983550000000000157e-03 1.840642748084766112e+01
1.996860000000000041e-03 1.728476950409158874e+01
2.010169999999999926e-03 1.623905021329549925e+01
2.023479999999999810e-03 1.526043576561487747e+01
2.036800000000000069e-03 1.434217826293295950e+01
2.050109999999999953e-03 1.347807049300526572e+01
2.063419999999999838e-03 1.266229517373676394e+01
2.076730000000000156e-03 1.188907852546095612e+01
2.090049999999999981e-03 1.115396003393384383e+01
2.103359999999999865e-03 1.045425300245413780e+01
2.116670000000000183e-03 9.786790372004670502e+00
2.129980000000000068e-03 9.149517539416068601e+00
2.143299999999999893e-03 8.540473468937278767e+00
2.156610000000000211e-03 7.959751229755481106e+00
2.169920000000000095e-03 7.406183222138476019e+00
2.183229999999999980e-03 6.879569293994853396e+00
2.196539999999999864e-03 6.379595370705505530e+00
2.209860000000000123e-03 5.905790268299493384e+00
2.223170000000000007e-03 5.458582696888342412e+00
2.236479999999999892e-03 5.037223817568672324e+00
2.249790000000000210e-03 4.641222740134965719e+00
2.263110000000000035e-03 4.269470367397801169e+00
2.276419999999999919e-03 3.921728667468460827e+00
2.289729999999999804e-03 3.596512536844157726e+00
2.303040000000000122e-03 3.292759363941784923e+00
2.316359999999999947e-03 3.008851193384571854e+00
2.329669999999999831e-03 2.744013761480410096e+00
2.342980000000000149e-03 2.496663457910291317e+00
2.356290000000000034e-03 2.265622267282021429e+00
2.369609999999999859e-03 2.049571392509191181e+00
2.382920000000000177e-03 1.847815779672245640e+00
2.396230000000000061e-03 1.659352126031966357e+00
2.409539999999999946e-03 1.483393063634178111e+00
2.422860000000000204e-03 1.319278426662263470e+00
2.436170000000000089e-03 1.166699273603134301e+00
2.449479999999999973e-03 1.025220905568780871e+00
2.462789999999999858e-03 8.944565203035215184e-01
2.476100000000000176e-03 7.741930578644302674e-01
2.489420000000000001e-03 6.640431961477889500e-01
2.502729999999999885e-03 5.639359296502882701e-01
2.516040000000000203e-03 4.734776446204276845e-01
2.529350000000000088e-03 3.923308012289430380e-01
2.542669999999999913e-03 3.200530519332304147e-01
2.555979999999999797e-03 2.562887729933336356e-01
2.569290000000000115e-03 2.004962416652226465e-01
2.582600000000000000e-03 1.521049584297659851e-01
2.595919999999999825e-03 1.105071208860897991e-01
2.609230000000000143e-03 7.513793303020499526e-02
2.622540000000000027e-03 4.534583249986545023e-02
2.635849999999999912e-03 2.055947938976641215e-02
2.649170000000000171e-03 0.000000000000000000e+00
