1.331239999999999980e-05 1.018463406318937587e+03
2.662479999999999960e-05 1.014727671282592837e+03
3.993720000000000110e-05 1.012035268541159780e+03
5.324959999999999920e-05 1.009692570171481748e+03
6.656200000000000408e-05 1.007483600763382015e+03
7.987440000000000219e-05 1.005309356838148346e+03
9.318669999999999330e-05 1.003113543150141140e+03
1.064989999999999980e-04 1.000859673152543792e+03
1.198119999999999974e-04 9.985222149509954761e+02
1.331240000000000082e-04 9.960814383605206785e+02
1.464360000000000054e-04 9.935221099730347305e+02
1.597489999999999913e-04 9.908302221423580249e+02
1.730609999999999885e-04 9.879956883085759500e+02
1.863730000000000128e-04 9.850071877725010836e+02
1.996859999999999987e-04 9.818561917874986875e+02
2.129979999999999959e-04 9.785332609567302597e+02
2.263110000000000089e-04 9.750306403569695703e+02
2.396230000000000061e-04 9.713393392338630292e+02
2.529349999999999763e-04 9.674524443741230471e+02
2.662480000000000163e-04 9.633601855092427968e+02
2.795599999999999865e-04 9.590572663809035703e+02
2.928730000000000265e-04 9.545336605964699856e+02
3.061849999999999967e-04 9.497852569940475860e+02
3.194970000000000210e-04 9.448029504541523238e+02
3.328100000000000069e-04 9.395831762392449491e+02
3.461219999999999770e-04 9.341192682305925246e+02
3.594350000000000171e-04 9.284091236139290686e+02
3.727469999999999872e-04 9.224482638930500116e+02
3.860590000000000115e-04 9.162370295439612846e+02
3.993719999999999974e-04 9.097720846874638028e+02
4.126840000000000217e-04 9.030572129047948238e+02
4.259970000000000076e-04 8.960910523412952671e+02
4.393089999999999777e-04 8.888792443976096820e+02
4.526210000000000021e-04 8.814233003925789944e+02
4.659339999999999879e-04 8.737286381774339361e+02
4.792460000000000123e-04 8.658005869623522130e+02
4.925590000000000523e-04 8.576449940438807289e+02
5.058709999999999683e-04 8.492692398128731384e+02
5.191829999999999926e-04 8.406806537424487260e+02
5.324960000000000327e-04 8.318865508006649634e+02
5.458079999999999486e-04 8.228969908194367235e+02
5.591199999999999729e-04 8.137209877771672382e+02
5.724330000000000130e-04 8.043671430851488822e+02
5.857450000000000373e-04 7.948480356636944180e+02
5.990579999999999690e-04 7.851715448612759474e+02
6.123699999999999933e-04 7.753512151977389522e+02
6.256820000000000177e-04 7.653950460363247430e+02
6.389949999999999493e-04 7.553143261730514268e+02
6.523069999999999737e-04 7.451181557130619240e+02
6.656200000000000137e-04 7.348158863213782297e+02
6.789320000000000381e-04 7.244151056700244453e+02
6.922439999999999540e-04 7.139239312609960280e+02
7.055569999999999941e-04 7.033459530148015801e+02
7.188690000000000184e-04 6.926895139858147559e+02
7.321819999999999501e-04 6.819560120172644702e+02
7.454939999999999744e-04 6.711520886534448209e+02
7.588059999999999987e-04 6.602792277459800516e+02
7.721190000000000388e-04 6.493409690253186000e+02
7.854309999999999547e-04 6.383413269876336926e+02
7.987439999999999948e-04 6.272835887326260718e+02
8.120560000000000191e-04 6.161725293101924308e+02
8.253680000000000435e-04 6.050139874607957609e+02
8.386809999999999751e-04 5.938113173090007422e+02
8.519929999999999995e-04 5.825753219018396294e+02
8.653050000000000238e-04 5.713103580062004312e+02
8.786179999999999555e-04 5.600270935201222073e+02
8.919299999999999798e-04 5.487331019020986105e+02
9.052430000000000199e-04 5.374398849344885321e+02
9.185550000000000442e-04 5.261551038158453366e+02
9.318669999999999601e-04 5.148916702050292997e+02
9.451800000000000002e-04 5.036541659933795927e+02
9.584920000000000245e-04 4.924574081532021523e+02
9.718049999999999562e-04 4.813040581217248928e+02
9.851169999999999805e-04 4.702073911128946406e+02
9.984289999999998964e-04 4.591696224459406608e+02
1.011739999999999905e-03 4.482012875031571184e+02
1.025050000000000006e-03 4.373042839117923108e+02
1.038370000000000048e-03 4.264778441877039654e+02
1.051679999999999933e-03 4.157394825240507998e+02
1.064990000000000034e-03 4.050884329756438547e+02
1.078299999999999918e-03 3.945258750112093935e+02
1.091619999999999960e-03 3.840518479183856471e+02
1.104930000000000061e-03 3.736834188847549854e+02
1.118239999999999946e-03 3.634211410309523558e+02
1.131550000000000047e-03 3.532691738002274064e+02
1.144870000000000089e-03 3.432339659498072706e+02
1.158179999999999973e-03 3.333248438020448248e+02
1.171490000000000075e-03 3.235499623684029302e+02
1.184799999999999959e-03 3.139143270028691859e+02
1.198120000000000001e-03 3.044211403314677113e+02
1.211430000000000102e-03 2.950874788481542623e+02
1.224739999999999987e-03 2.859158480233972455e+02
1.238050000000000088e-03 2.769078780490935969e+02
1.251359999999999972e-03 2.680704033158084485e+02
1.264680000000000014e-03 2.593968331822655955e+02
1.277989999999999899e-03 2.509034486142775222e+02
1.291300000000000000e-03 2.425818984001440413e+02
1.304610000000000101e-03 2.344320626656014497e+02
1.317929999999999926e-03 2.264448427461405799e+02
1.331240000000000027e-03 2.186297951582231178e+02
1.344549999999999912e-03 2.109772208623216159e+02
1.357860000000000013e-03 2.034839797724447692e+02
1.371180000000000055e-03 1.961411537821732622e+02
1.384489999999999939e-03 1.889576438860512440e+02
1.397800000000000041e-03 1.819254274882725610e+02
1.411109999999999925e-03 1.750447295823308309e+02
1.424429999999999967e-03 1.683093663099838011e+02
1.437740000000000068e-03 1.617325466860338281e+02
1.451049999999999953e-03 1.553094496661445021e+02
1.464360000000000054e-03 1.490457366194167435e+02
1.477680000000000096e-03 1.429381188190751004e+02
1.490989999999999980e-03 1.370029895444414763e+02
1.504300000000000082e-03 1.312374820221107541e+02
1.517609999999999966e-03 1.256489506323062812e+02
1.530930000000000008e-03 1.202347970450935719e+02
1.544239999999999892e-03 1.150091348153505351e+02
1.557549999999999994e-03 1.099684614701983918e+02
1.570860000000000095e-03 1.051161755266543594e+02
1.584169999999999979e-03 1.004514181891377262e+02
1.597490000000000021e-03 9.597095509826155535e+01
1.610799999999999906e-03 9.167888017778315657e+01
1.624110000000000007e-03 8.756849772897528794e+01
1.637420000000000108e-03 8.363540984254585453e+01
1.650739999999999933e-03 7.987022546767867937e+01
1.664050000000000034e-03 7.627270885653234700e+01
1.677359999999999919e-03 7.283099919002889067e+01
1.690670000000000020e-03 6.953817236239144961e+01
1.703990000000000062e-03 6.638141551432036636e+01
1.717299999999999946e-03 6.335811618619142394e+01
1.730610000000000048e-03 6.045533143483098115e+01
1.743919999999999932e-03 5.766593486327056439e+01
1.757239999999999974e-03 5.497840955734847057e+01
1.770550000000000075e-03 5.239047335971108055e+01
1.783859999999999960e-03 4.989261207771151874e+01
1.797170000000000061e-03 4.747970363115371129e+01
1.810490000000000103e-03 4.514497022669953452e+01
1.823799999999999987e-03 4.288814227810993174e+01
1.837110000000000088e-03 4.070486165729279548e+01
1.850419999999999973e-03 3.859261277383257038e+01
1.863730000000000074e-03 3.655069596138754662e+01
1.877049999999999899e-03 3.457612158111120237e+01
1.890360000000000000e-03 3.267233916678148375e+01
1.903670000000000102e-03 3.083698974276035898e+01
1.916979999999999986e-03 2.907103611816387456e+01
1.930300000000000028e-03 2.737258300748006334e+01
1.943609999999999912e-03 2.574504532947097246e+01
1.956920000000000014e-03 2.418651849375370944e+01
1.970229999999999898e-03 2.269743559395173094e+01
1.983550000000000157e-03 2.127589000756657711e+01
1.996860000000000041e-03 1.992386629847576529e+01
2.010169999999999926e-03 1.863919445652145512e+01
2.023479999999999810e-03 1.742111166800885158e+01
2.036800000000000069e-03 1.626735561282700004e+01
2.050109999999999953e-03 1.517832997621958491e+01
2.063419999999999838e-03 1.415151592792304847e+01
2.076730000000000156e-03 1.318507290323807801e+01
2.090049999999999981e-03 1.227643536602406016e+01
2.103359999999999865e-03 1.142469880637454693e+01
2.116670000000000183e-03 1.062711088505225199e+01
2.129980000000000068e-03 9.881071752514811735e+00
2.143299999999999893e-03 9.183840824701794858e+00
2.156610000000000211e-03 8.533622291792376302e+00
2.169920000000000095e-03 7.927607809849575027e+00
2.183229999999999980e-03 7.362821733172974170e+00
2.196539999999999864e-03 6.836953285933401681e+00
2.209860000000000123e-03 6.346655877050365824e+00
2.223170000000000007e-03 5.890369881233903371e+00
2.236479999999999892e-03 5.464867332985432924e+00
2.249790000000000210e-03 5.067933295369527968e+00
2.263110000000000035e-03 4.696638862149652205e+00
2.276419999999999919e-03 4.349480508512882260e+00
2.289729999999999804e-03 4.023849247411195762e+00
2.303040000000000122e-03 3.717910321901461757e+00
2.316359999999999947e-03 3.429523720276714815e+00
2.329669999999999831e-03 3.157582520328799713e+00
2.342980000000000149e-03 2.900427646317038199e+00
2.356290000000000034e-03 2.656865788752288626e+00
2.369609999999999859e-03 2.425777392381553543e+00
2.382920000000000177e-03 2.206683289980593266e+00
2.396230000000000061e-03 1.998923497575402664e+00
2.409539999999999946e-03 1.802013473275491329e+00
2.422860000000000204e-03 1.615683287344260588e+00
2.436170000000000089e-03 1.439996817103035953e+00
2.449479999999999973e-03 1.274900235460455500e+00
2.462789999999999858e-03 1.120339465879735652e+00
2.476100000000000176e-03 9.764532440027968718e-01
2.489420000000000001e-03 8.431317694698123866e-01
2.502729999999999885e-03 7.206228524952404957e-01
2.516040000000000203e-03 6.087523349246385385e-01
2.529350000000000088e-03 5.073841180702470810e-01
2.542669999999999913e-03 4.162280812300866994e-01
2.555979999999999797e-03 3.350677081008949232e-01
2.569290000000000115e-03 2.634357703915707338e-01
2.582600000000000000e-03 2.007843684397114803e-01
2.595919999999999825e-03 1.465092269425561922e-01
2.609230000000000143e-03 1.000134415776449820e-01
2.622540000000000027e-03 6.058263299845288719e-02
2.635849999999999912e-03 2.754880069336626200e-02
2.649170000000000171e-03 0.000000000000000000e+00
