1.331239999999999980e-05 1.059441955981883439e+03
2.662479999999999960e-05 1.054575673154837887e+03
3.993720000000000110e-05 1.050978974870772390e+03
5.324959999999999920e-05 1.047778332043726778e+03
6.656200000000000408e-05 1.044695813759661178e+03
7.987440000000000219e-05 1.041602375932615814e+03
9.318669999999999330e-05 1.038422654997369818e+03
1.064989999999999980e-04 1.035106682448129050e+03
1.198119999999999974e-04 1.031621071466724288e+03
1.331240000000000082e-04 1.027938761543126020e+03
1.464360000000000054e-04 1.024043863657693009e+03
1.597489999999999913e-04 1.019919670855660456e+03
1.730609999999999885e-04 1.015562241474651955e+03
1.863730000000000128e-04 1.010962880955029050e+03
1.996859999999999987e-04 1.006124749761291810e+03
2.129979999999999959e-04 1.001047044287500285e+03
2.263110000000000089e-04 9.957381432996912736e+02
2.396230000000000061e-04 9.902029367334787366e+02
2.529349999999999763e-04 9.844533885860886357e+02
2.662480000000000163e-04 9.784970520662230911e+02
2.795599999999999865e-04 9.723480020209650547e+02
2.928730000000000265e-04 9.660149969253611744e+02
3.061849999999999967e-04 9.595109344676716319e+02
3.194970000000000210e-04 9.528444471991767841e+02
3.328100000000000069e-04 9.460241727451049201e+02
3.461219999999999770e-04 9.390578254109850604e+02
3.594350000000000171e-04 9.319499067631838898e+02
3.727469999999999872e-04 9.247044658695823500e+02
3.860590000000000115e-04 9.173229591429271750e+02
3.993719999999999974e-04 9.098036719368399190e+02
4.126840000000000217e-04 9.021469086745112236e+02
4.259970000000000076e-04 8.943466300504303490e+02
4.393089999999999777e-04 8.864013848945598966e+02
4.526210000000000021e-04 8.783031626228017785e+02
4.659339999999999879e-04 8.700481207837776765e+02
4.792460000000000123e-04 8.616290070149743769e+02
4.925590000000000523e-04 8.530419251916357553e+02
5.058709999999999683e-04 8.442802233946848673e+02
5.191829999999999926e-04 8.353422860524651696e+02
5.324960000000000327e-04 8.262214753721292482e+02
5.458079999999999486e-04 8.169206673163586174e+02
5.591199999999999729e-04 8.074364882656610689e+02
5.724330000000000130e-04 7.977725718215851884e+02
5.857450000000000373e-04 7.879320554796817078e+02
5.990579999999999690e-04 7.779207409424519710e+02
6.123699999999999933e-04 7.677467347085678284e+02
6.256820000000000177e-04 7.574193553591730961e+02
6.389949999999999493e-04 7.469493084712646578e+02
6.523069999999999737e-04 7.363505167057347762e+02
6.656200000000000137e-04 7.256371753375597109e+02
6.789320000000000381e-04 7.148246329011495845e+02
6.922439999999999540e-04 7.039309510333380331e+02
7.055569999999999941e-04 6.929692487428876575e+02
7.188690000000000184e-04 6.819614023274998544e+02
7.321819999999999501e-04 6.709186705528870789e+02
7.454939999999999744e-04 6.598623041919997831e+02
7.588059999999999987e-04 6.488022744375225557e+02
7.721190000000000388e-04 6.377547935795900003e+02
7.854309999999999547e-04 6.267295743264660359e+02
7.987439999999999948e-04 6.157380712555813034e+02
8.120560000000000191e-04 6.047870271114909428e+02
8.253680000000000435e-04 5.938842635414760025e+02
8.386809999999999751e-04 5.830313554041325688e+02
8.519929999999999995e-04 5.722343976139868573e+02
8.653050000000000238e-04 5.614928587603048982e+02
8.786179999999999555e-04 5.508071602916724032e+02
8.919299999999999798e-04 5.401778561299558987e+02
9.052430000000000199e-04 5.296025396347180276e+02
9.185550000000000442e-04 5.190811747739096518e+02
9.318669999999999601e-04 5.086112825445635508e+02
9.451800000000000002e-04 4.981904648725314928e+02
9.584920000000000245e-04 4.878187374981923199e+02
9.718049999999999562e-04 4.774932785443268131e+02
9.851169999999999805e-04 4.672148401994366509e+02
9.984289999999998964e-04 4.569819747105441934e+02
1.011739999999999905e-03 4.467957791522833304e+02
1.025050000000000006e-03 4.366562846895226926e+02
1.038370000000000048e-03 4.265569240310061900e+02
1.051679999999999933e-03 4.165137070604159817e+02
1.064990000000000034e-03 4.065223137052948346e+02
1.078299999999999918e-03 3.965844525947549073e+02
1.091619999999999960e-03 3.866978211472072076e+02
1.104930000000000061e-03 3.768797790569293511e+02
1.118239999999999946e-03 3.671296574202647776e+02
1.131550000000000047e-03 3.574506845183483392e+02
1.144870000000000089e-03 3.478439827560809476e+02
1.158179999999999973e-03 3.383274271366580592e+02
1.171490000000000075e-03 3.289023774393903068e+02
1.184799999999999959e-03 3.195740904907887625e+02
1.198120000000000001e-03 3.103477872857263264e+02
1.211430000000000102e-03 3.012335857592976254e+02
1.224739999999999987e-03 2.922368632894685447e+02
1.238050000000000088e-03 2.833610409686079947e+02
1.251359999999999972e-03 2.746133273042419773e+02
1.264680000000000014e-03 2.659887206076302846e+02
1.277989999999999899e-03 2.575064249897304762e+02
1.291300000000000000e-03 2.491607135782792000e+02
1.304610000000000101e-03 2.409564945266994300e+02
1.317929999999999926e-03 2.328879287697667166e+02
1.331240000000000027e-03 2.249712331257636606e+02
1.344549999999999912e-03 2.172002923281328037e+02
1.357860000000000013e-03 2.095791443825685292e+02
1.371180000000000055e-03 2.021022507614854646e+02
1.384489999999999939e-03 1.947854245954061696e+02
1.397800000000000041e-03 1.876234550443770672e+02
1.411109999999999925e-03 1.806218178479576011e+02
1.424429999999999967e-03 1.737762078666717116e+02
1.437740000000000068e-03 1.671031953479596552e+02
1.451049999999999953e-03 1.605987339016066358e+02
1.464360000000000054e-03 1.542694201777480316e+02
1.477680000000000096e-03 1.481116914191898388e+02
1.490989999999999980e-03 1.421408774588512927e+02
1.504300000000000082e-03 1.363529315917945723e+02
1.517609999999999966e-03 1.307524359361062807e+02
1.530930000000000008e-03 1.253350182086118565e+02
1.544239999999999892e-03 1.201109515009533482e+02
1.557549999999999994e-03 1.150746256417615001e+02
1.570860000000000095e-03 1.102251335230035352e+02
1.584169999999999979e-03 1.055594590152360865e+02
1.597490000000000021e-03 1.010701812536315458e+02
1.610799999999999906e-03 9.675950824352426594e+01
1.624110000000000007e-03 9.261721701256250583e+01
1.637420000000000108e-03 8.863754092495977943e+01
1.650739999999999933e-03 8.480875023593576145e+01
1.664050000000000034e-03 8.113006915141598085e+01
1.677359999999999919e-03 7.758889613908678484e+01
1.690670000000000020e-03 7.417853957608973303e+01
1.703990000000000062e-03 7.088713666164713345e+01
1.717299999999999946e-03 6.771335848550008052e+01
1.730610000000000048e-03 6.464673276022013226e+01
1.743919999999999932e-03 6.168186227354253504e+01
1.757239999999999974e-03 5.881063151511131792e+01
1.770550000000000075e-03 5.603309930499883507e+01
1.783859999999999960e-03 5.334338250410977622e+01
1.797170000000000061e-03 5.073839292580080951e+01
1.810490000000000103e-03 4.821447101376656263e+01
1.823799999999999987e-03 4.577330350615677901e+01
1.837110000000000088e-03 4.341266509887188363e+01
1.850419999999999973e-03 4.113112777149414967e+01
1.863730000000000074e-03 3.892914752022510783e+01
1.877049999999999899e-03 3.680408157632418664e+01
1.890360000000000000e-03 3.475976989653346294e+01
1.903670000000000102e-03 3.279367356975370740e+01
1.916979999999999986e-03 3.090625164439583017e+01
1.930300000000000028e-03 2.909510796810039679e+01
1.943609999999999912e-03 2.736299554127993972e+01
1.956920000000000014e-03 2.570733156992388402e+01
1.970229999999999898e-03 2.412762082333023628e+01
1.983550000000000157e-03 2.262127358201965066e+01
1.996860000000000041e-03 2.118950656476787131e+01
2.010169999999999926e-03 1.982947346023502888e+01
2.023479999999999810e-03 1.853957911709349204e+01
2.036800000000000069e-03 1.731694425744856147e+01
2.050109999999999953e-03 1.616126775287887085e+01
2.063419999999999838e-03 1.506946126158877419e+01
2.076730000000000156e-03 1.403892002731741862e+01
2.090049999999999981e-03 1.306655079470534631e+01
2.103359999999999865e-03 1.215087236366162848e+01
2.116670000000000183e-03 1.128868706538255751e+01
2.129980000000000068e-03 1.047689184941340557e+01
2.143299999999999893e-03 9.712435699647429033e+00
2.156610000000000211e-03 8.993417247808016768e+00
2.169920000000000095e-03 8.316898526451913298e+00
2.183229999999999980e-03 7.680079363467310571e+00
2.196539999999999864e-03 7.080810397363008768e+00
2.209860000000000123e-03 6.516272843599854703e+00
2.223170000000000007e-03 5.985448866719800698e+00
2.236479999999999892e-03 5.486004208812489402e+00
2.249790000000000210e-03 5.016387823314011563e+00
2.263110000000000035e-03 4.574807132815040589e+00
2.276419999999999919e-03 4.160676707581021816e+00
2.289729999999999804e-03 3.772573952055843005e+00
2.303040000000000122e-03 3.409493634071666612e+00
2.316359999999999947e-03 3.070327923910258328e+00
2.329669999999999831e-03 2.754741446232063851e+00
2.342980000000000149e-03 2.461748027162893759e+00
2.356290000000000034e-03 2.190575238744617348e+00
2.369609999999999859e-03 1.940315404175777525e+00
2.382920000000000177e-03 1.710571398209503213e+00
2.396230000000000061e-03 1.500387165939533363e+00
2.409539999999999946e-03 1.308940018443335296e+00
2.422860000000000204e-03 1.135246001548530836e+00
2.436170000000000089e-03 9.786716458095480187e-01
2.449479999999999973e-03 8.381577529459631748e-01
2.462789999999999858e-03 7.127404540008163147e-01
2.476100000000000176e-03 6.014333599580055090e-01
2.489420000000000001e-03 5.031576264936165055e-01
2.502729999999999885e-03 4.170488451690969045e-01
2.516040000000000203e-03 3.420258339640624978e-01
2.529350000000000088e-03 2.770959541100744827e-01
2.542669999999999913e-03 2.212371573270720537e-01
2.555979999999999797e-03 1.736018450879031616e-01
2.569290000000000115e-03 1.332350143608711512e-01
2.582600000000000000e-03 9.929970426833614749e-02
2.595919999999999825e-03 7.095375990219010554e-02
2.609230000000000143e-03 4.752029287174126121e-02
2.622540000000000027e-03 2.827235781750156440e-02
2.635849999999999912e-03 1.267497355226072410e-02
2.649170000000000171e-03 0.000000000000000000e+00
