1.331239999999999980e-05 9.577624448863539328e+02
2.662479999999999960e-05 9.530014532365373725e+02
3.993720000000000110e-05 9.495992393307984685e+02
5.324959999999999920e-05 9.466583960143151444e+02
6.656200000000000408e-05 9.439022937752429243e+02
7.987440000000000219e-05 9.412018810143151768e+02
9.318669999999999330e-05 9.384865627290496377e+02
1.064989999999999980e-04 9.357079880250677206e+02
1.198119999999999974e-04 9.328355839720211407e+02
1.331240000000000082e-04 9.298427448968315048e+02
1.464360000000000054e-04 9.267130748149872943e+02
1.597489999999999913e-04 9.234280511923896029e+02
1.730609999999999885e-04 9.199793918969517108e+02
1.863730000000000128e-04 9.163534431019684234e+02
1.996859999999999987e-04 9.125460997248610511e+02
2.129979999999999959e-04 9.085482001312612965e+02
2.263110000000000089e-04 9.043590370027606014e+02
2.396230000000000061e-04 8.999726619259790823e+02
2.529349999999999763e-04 8.953915519946740460e+02
2.662480000000000163e-04 8.906115562310652649e+02
2.795599999999999865e-04 8.856383865368552506e+02
2.928730000000000265e-04 8.804697500412501086e+02
3.061849999999999967e-04 8.751128580598184499e+02
3.194970000000000210e-04 8.695674717407212029e+02
3.328100000000000069e-04 8.638401657276760943e+02
3.461219999999999770e-04 8.579329449022125118e+02
3.594350000000000171e-04 8.518518737574685247e+02
3.727469999999999872e-04 8.455992382098208964e+02
3.860590000000000115e-04 8.391809370278449478e+02
3.993719999999999974e-04 8.325974849661910184e+02
4.126840000000000217e-04 8.258553165652987218e+02
4.259970000000000076e-04 8.189535790552519074e+02
4.393089999999999777e-04 8.118978725675652868e+02
4.526210000000000021e-04 8.046867419483221511e+02
4.659339999999999879e-04 7.973234563795479062e+02
4.792460000000000123e-04 7.898072918315389188e+02
4.925590000000000523e-04 7.821403839948864061e+02
5.058709999999999683e-04 7.743214847199467386e+02
5.191829999999999926e-04 7.663531562885871153e+02
5.324960000000000327e-04 7.582323416563209548e+02
5.458079999999999486e-04 7.499638064366216668e+02
5.591199999999999729e-04 7.415450460305919478e+02
5.724330000000000130e-04 7.329799076553840678e+02
5.857450000000000373e-04 7.242691886132636228e+02
5.990579999999999690e-04 7.154174080726546663e+02
6.123699999999999933e-04 7.064276993880204145e+02
6.256820000000000177e-04 6.973068105172899322e+02
6.389949999999999493e-04 6.880587855902982710e+02
6.523069999999999737e-04 6.786941561452928227e+02
6.656200000000000137e-04 6.692194544636113278e+02
6.789320000000000381e-04 6.596466981907856280e+02
6.922439999999999540e-04 6.499860066390325528e+02
7.055569999999999941e-04 6.402481168175830817e+02
7.188690000000000184e-04 6.304473933679441870e+02
7.321819999999999501e-04 6.205937403191702515e+02
7.454939999999999744e-04 6.107022462450795501e+02
7.588059999999999987e-04 6.007824807391357353e+02
7.721190000000000388e-04 5.908463599065038352e+02
7.854309999999999547e-04 5.809038456409875835e+02
7.987439999999999948e-04 5.709636033953552214e+02
8.120560000000000191e-04 5.610332637450035236e+02
8.253680000000000435e-04 5.511187217542184271e+02
8.386809999999999751e-04 5.412229869163338662e+02
8.519929999999999995e-04 5.313504746002226966e+02
8.653050000000000238e-04 5.215021862486975124e+02
8.786179999999999555e-04 5.116771470318782917e+02
8.919299999999999798e-04 5.018773538248871091e+02
9.052430000000000199e-04 4.920991668691503946e+02
9.185550000000000442e-04 4.823442580703780891e+02
9.318669999999999601e-04 4.726094230067027979e+02
9.451800000000000002e-04 4.628947071173782888e+02
9.584920000000000245e-04 4.532004772219075903e+02
9.718049999999999562e-04 4.435272677570014253e+02
9.851169999999999805e-04 4.338780898548643563e+02
9.984289999999998964e-04 4.242558033619311573e+02
1.011739999999999905e-03 4.146660345855262335e+02
1.025050000000000006e-03 4.051138889801792402e+02
1.038370000000000048e-03 3.955997255368642413e+02
1.051679999999999933e-03 3.861441501456880019e+02
1.064990000000000034e-03 3.767506205876171066e+02
1.078299999999999918e-03 3.674258618967675716e+02
1.091619999999999960e-03 3.581743839781705105e+02
1.104930000000000061e-03 3.490175598222115241e+02
1.118239999999999946e-03 3.399608670873365099e+02
1.131550000000000047e-03 3.310061961309536969e+02
1.144870000000000089e-03 3.221585571038384614e+02
1.158179999999999973e-03 3.134342930093179689e+02
1.171490000000000075e-03 3.048336202600060005e+02
1.184799999999999959e-03 2.963573036708137352e+02
1.198120000000000001e-03 2.880025497130906729e+02
1.211430000000000102e-03 2.797808881554770437e+02
1.224739999999999987e-03 2.716861948913961555e+02
1.238050000000000088e-03 2.637161413012254343e+02
1.251359999999999972e-03 2.558687946586413773e+02
1.264680000000000014e-03 2.481355104363175883e+02
1.277989999999999899e-03 2.405254396319820387e+02
1.291300000000000000e-03 2.330302218851189195e+02
1.304610000000000101e-03 2.256485788593024608e+02
1.317929999999999926e-03 2.183735862667657841e+02
1.331240000000000027e-03 2.112174035727445016e+02
1.344549999999999912e-03 2.041744522805704776e+02
1.357860000000000013e-03 1.972490680616966472e+02
1.371180000000000055e-03 1.904374571177885400e+02
1.384489999999999939e-03 1.837569051385092109e+02
1.397800000000000041e-03 1.772045573073243077e+02
1.411109999999999925e-03 1.707890608618372426e+02
1.424429999999999967e-03 1.645082938096990688e+02
1.437740000000000068e-03 1.583803340058267111e+02
1.451049999999999953e-03 1.524026033960105337e+02
1.464360000000000054e-03 1.465822007835687089e+02
1.477680000000000096e-03 1.409159463527968228e+02
1.490989999999999980e-03 1.354167685597911657e+02
1.504300000000000082e-03 1.300800455633480226e+02
1.517609999999999966e-03 1.249070497620558342e+02
1.530930000000000008e-03 1.198921905953569791e+02
1.544239999999999892e-03 1.150412954633492717e+02
1.557549999999999994e-03 1.103475648492610048e+02
1.570860000000000095e-03 1.058070423332871428e+02
1.584169999999999979e-03 1.014158797971832371e+02
1.597490000000000021e-03 9.716570559813077068e+01
1.610799999999999906e-03 9.305866182391946495e+01
1.624110000000000007e-03 8.908612312907651187e+01
1.637420000000000108e-03 8.524389575284155285e+01
1.650739999999999933e-03 8.152428569196766261e+01
1.664050000000000034e-03 7.792906806343225412e+01
1.677359999999999919e-03 7.445153290410162583e+01
1.690670000000000020e-03 7.108844259370185625e+01
1.703990000000000062e-03 6.783460890191763326e+01
1.717299999999999946e-03 6.469225118707097977e+01
1.730610000000000048e-03 6.165726843645663280e+01
1.743919999999999932e-03 5.872748159155463554e+01
1.757239999999999974e-03 5.589984599152893452e+01
1.770550000000000075e-03 5.317674128866824645e+01
1.783859999999999960e-03 5.055544109694614718e+01
1.797170000000000061e-03 4.803416255805109358e+01
1.810490000000000103e-03 4.561032583531680018e+01
1.823799999999999987e-03 4.328564946491459864e+01
1.837110000000000088e-03 4.105707012035050241e+01
1.850419999999999973e-03 3.892234413491164702e+01
1.863730000000000074e-03 3.687953804681849590e+01
1.877049999999999899e-03 3.492462080389932311e+01
1.890360000000000000e-03 3.305787953728431461e+01
1.903670000000000102e-03 3.127503161310543689e+01
1.916979999999999986e-03 2.957294350874804678e+01
1.930300000000000028e-03 2.794745201720744632e+01
1.943609999999999912e-03 2.639774334572625136e+01
1.956920000000000014e-03 2.491970685860490420e+01
1.970229999999999898e-03 2.351030885850429186e+01
1.983550000000000157e-03 2.216586621791076794e+01
1.996860000000000041e-03 2.088581285788256281e+01
2.010169999999999926e-03 1.966680764888950605e+01
2.023479999999999810e-03 1.850675138475584447e+01
2.036800000000000069e-03 1.740281817811431608e+01
2.050109999999999953e-03 1.635492687474593865e+01
2.063419999999999838e-03 1.536050724718367455e+01
2.076730000000000156e-03 1.441792443587369732e+01
2.090049999999999981e-03 1.352485665113135305e+01
2.103359999999999865e-03 1.268084272723830530e+01
2.116670000000000183e-03 1.188352203158487086e+01
2.129980000000000068e-03 1.113073058859656328e+01
2.143299999999999893e-03 1.042008494144462460e+01
2.156610000000000211e-03 9.750093052124308102e+00
2.169920000000000095e-03 9.118201413619781093e+00
2.183229999999999980e-03 8.521592399353771441e+00
2.196539999999999864e-03 7.958123022313359662e+00
2.209860000000000123e-03 7.424581801083493637e+00
2.223170000000000007e-03 6.919650909121315863e+00
2.236479999999999892e-03 6.440413551372532019e+00
2.249790000000000210e-03 5.984959674386682416e+00
2.263110000000000035e-03 5.550976786453368561e+00
2.276419999999999919e-03 5.137577424531392545e+00
2.289729999999999804e-03 4.743118206493171840e+00
2.303040000000000122e-03 4.366523576256832406e+00
2.316359999999999947e-03 4.006868091471248228e+00
2.329669999999999831e-03 3.664081005419745907e+00
2.342980000000000149e-03 3.337773987173922041e+00
2.356290000000000034e-03 3.027710902902544632e+00
2.369609999999999859e-03 2.733871614243676085e+00
2.382920000000000177e-03 2.456682961771668783e+00
2.396230000000000061e-03 2.196209417182934054e+00
2.409539999999999946e-03 1.952482021305315785e+00
2.422860000000000204e-03 1.725489433818424345e+00
2.436170000000000089e-03 1.515491834160791917e+00
2.449479999999999973e-03 1.322226209614192571e+00
2.462789999999999858e-03 1.145396605583389071e+00
2.476100000000000176e-03 9.846068112506134451e-01
2.489420000000000001e-03 8.392083458187172829e-01
2.502729999999999885e-03 7.087437623155027344e-01
2.516040000000000203e-03 5.923534187738374035e-01
2.529350000000000088e-03 4.891655663553003408e-01
2.542669999999999913e-03 3.982095906347187242e-01
2.555979999999999797e-03 3.186562875447967458e-01
2.569290000000000115e-03 2.494705069960965749e-01
2.582600000000000000e-03 1.896866344994240228e-01
2.595919999999999825e-03 1.383087009926335098e-01
2.609230000000000143e-03 9.451634900699239228e-02
2.622540000000000027e-03 5.738804848167398248e-02
2.635849999999999912e-03 2.620876936369560470e-02
2.649170000000000171e-03 0.000000000000000000e+00
