1.331239999999999980e-05 1.147549367355379388e+02
2.662479999999999960e-05 1.147550611766156692e+02
3.993720000000000110e-05 1.147549365631535352e+02
5.324959999999999920e-05 1.147550609350954005e+02
6.656200000000000408e-05 1.147549361833751078e+02
7.987440000000000219e-05 1.147550603210496689e+02
9.318669999999999330e-05 1.147549351492189089e+02
1.064989999999999980e-04 1.147550585980252578e+02
1.198119999999999974e-04 1.147549322148090596e+02
1.331240000000000082e-04 1.147550537168430935e+02
1.464360000000000054e-04 1.147549239691909122e+02
1.597489999999999913e-04 1.147550401755936491e+02
1.730609999999999885e-04 1.147549014777132186e+02
1.863730000000000128e-04 1.147550038046107659e+02
1.996859999999999987e-04 1.147548428119574879e+02
2.129979999999999959e-04 1.147549111877787595e+02
2.263110000000000089e-04 1.147546976767671651e+02
2.396230000000000061e-04 1.147546879985601436e+02
2.529349999999999763e-04 1.147543582452262001e+02
2.662480000000000163e-04 1.147541803725309677e+02
2.795599999999999865e-04 1.147536092501133425e+02
2.928730000000000265e-04 1.147530921479127812e+02
3.061849999999999967e-04 1.147520512964178891e+02
3.194970000000000210e-04 1.147508937524286949e+02
3.328100000000000069e-04 1.147489957492742292e+02
3.461219999999999770e-04 1.147467049070441192e+02
3.594350000000000171e-04 1.147433388768185836e+02
3.727469999999999872e-04 1.147391646029200842e+02
3.860590000000000115e-04 1.147334320353152464e+02
3.993719999999999974e-04 1.147263065238733475e+02
4.126840000000000217e-04 1.147169665351470655e+02
4.259970000000000076e-04 1.147054600015380004e+02
4.393089999999999777e-04 1.146908917882207248e+02
4.526210000000000021e-04 1.146731813904791011e+02
4.659339999999999879e-04 1.146513555369655251e+02
4.792460000000000123e-04 1.146251979562401999e+02
4.925590000000000523e-04 1.145936579567154041e+02
5.058709999999999683e-04 1.145563705663186056e+02
5.191829999999999926e-04 1.145122176410837653e+02
5.324960000000000327e-04 1.144606712966781714e+02
5.458079999999999486e-04 1.144005780913384740e+02
5.591199999999999729e-04 1.143312788962529112e+02
5.724330000000000130e-04 1.142516107097368945e+02
5.857450000000000373e-04 1.141608690976959650e+02
5.990579999999999690e-04 1.140579638804844933e+02
6.123699999999999933e-04 1.139422533620050615e+02
6.256820000000000177e-04 1.138128168554051030e+02
6.389949999999999493e-04 1.136691860207205877e+02
6.523069999999999737e-04 1.135106857391712936e+02
6.656200000000000137e-04 1.133371285220955258e+02
6.789320000000000381e-04 1.131480403957973522e+02
6.922439999999999540e-04 1.129435204371290098e+02
7.055569999999999941e-04 1.127231441871931992e+02
7.188690000000000184e-04 1.124871688714038811e+02
7.321819999999999501e-04 1.122350868248769302e+02
7.454939999999999744e-04 1.119670107990790058e+02
7.588059999999999987e-04 1.116822398043187832e+02
7.721190000000000388e-04 1.113804277238878910e+02
7.854309999999999547e-04 1.110606794562975779e+02
7.987439999999999948e-04 1.107221118179496386e+02
8.120560000000000191e-04 1.103636344188065408e+02
8.253680000000000435e-04 1.099839747695574204e+02
8.386809999999999751e-04 1.095819018581300242e+02
8.519929999999999995e-04 1.091560812017210225e+02
8.653050000000000238e-04 1.087053892654510605e+02
8.786179999999999555e-04 1.082285458807663474e+02
8.919299999999999798e-04 1.077247544765085507e+02
9.052430000000000199e-04 1.071930536847387003e+02
9.185550000000000442e-04 1.066329209297562812e+02
9.318669999999999601e-04 1.060438587867945017e+02
9.451800000000000002e-04 1.054254597075726423e+02
9.584920000000000245e-04 1.047777570336428568e+02
9.718049999999999562e-04 1.041004847076771398e+02
9.851169999999999805e-04 1.033940232329316302e+02
9.984289999999998964e-04 1.026583066689470769e+02
1.011739999999999905e-03 1.018939666812713369e+02
1.025050000000000006e-03 1.011011046388292982e+02
1.038370000000000048e-03 1.002798494608660889e+02
1.051679999999999933e-03 9.943159430201019688e+01
1.064990000000000034e-03 9.855655371007777887e+01
1.078299999999999918e-03 9.765482421368119503e+01
1.091619999999999960e-03 9.672632202785925415e+01
1.104930000000000061e-03 9.577232421700567500e+01
1.118239999999999946e-03 9.479217197735624723e+01
1.131550000000000047e-03 9.378543800077788717e+01
1.144870000000000089e-03 9.275065743621114223e+01
1.158179999999999973e-03 9.168867186251526391e+01
1.171490000000000075e-03 9.059737191347515761e+01
1.184799999999999959e-03 8.947593823620972842e+01
1.198120000000000001e-03 8.832201903962197775e+01
1.211430000000000102e-03 8.713670891469377011e+01
1.224739999999999987e-03 8.591810509695670817e+01
1.238050000000000088e-03 8.466605466879471464e+01
1.251359999999999972e-03 8.338063036877494483e+01
1.264680000000000014e-03 8.206132800451503329e+01
1.277989999999999899e-03 8.071168740056735658e+01
1.291300000000000000e-03 7.933181820030209508e+01
1.304610000000000101e-03 7.792472427721216377e+01
1.317929999999999926e-03 7.649098158952335780e+01
1.331240000000000027e-03 7.503681665913320842e+01
1.344549999999999912e-03 7.356305579485780299e+01
1.357860000000000013e-03 7.207435620557841105e+01
1.371180000000000055e-03 7.057153573746012398e+01
1.384489999999999939e-03 6.906156450109982359e+01
1.397800000000000041e-03 6.754509395747597011e+01
1.411109999999999925e-03 6.602655986985742231e+01
1.424429999999999967e-03 6.450634000992739914e+01
1.437740000000000068e-03 6.299070547343711723e+01
1.451049999999999953e-03 6.147969785977191037e+01
1.464360000000000054e-03 5.997666536387819036e+01
1.477680000000000096e-03 5.848164072762872223e+01
1.490989999999999980e-03 5.700057572401816230e+01
1.504300000000000082e-03 5.553133699268887824e+01
1.517609999999999966e-03 5.407711391464526685e+01
1.530930000000000008e-03 5.263684833564802545e+01
1.544239999999999892e-03 5.121455802876229058e+01
1.557549999999999994e-03 4.980842938093372396e+01
1.570860000000000095e-03 4.841948398544134591e+01
1.584169999999999979e-03 4.704654953746499046e+01
1.597490000000000021e-03 4.568870399022961237e+01
1.610799999999999906e-03 4.434645770873128612e+01
1.624110000000000007e-03 4.301835091036457470e+01
1.637420000000000108e-03 4.170248000225272023e+01
1.650739999999999933e-03 4.039642717888732903e+01
1.664050000000000034e-03 3.910181814252070609e+01
1.677359999999999919e-03 3.781675946250570064e+01
1.690670000000000020e-03 3.653978478790730833e+01
1.703990000000000062e-03 3.527028981350858317e+01
1.717299999999999946e-03 3.400951126162930649e+01
1.730610000000000048e-03 3.275775833415569593e+01
1.743919999999999932e-03 3.151474201178030299e+01
1.757239999999999974e-03 3.028124463620433815e+01
1.770550000000000075e-03 2.905993787320961275e+01
1.783859999999999960e-03 2.785198689897494617e+01
1.797170000000000061e-03 2.665824147351879247e+01
1.810490000000000103e-03 2.548031001092212477e+01
1.823799999999999987e-03 2.432095202329147554e+01
1.837110000000000088e-03 2.318193553637287252e+01
1.850419999999999973e-03 2.206429563208404332e+01
1.863730000000000074e-03 2.097077265896987441e+01
1.877049999999999899e-03 1.990161397460719073e+01
1.890360000000000000e-03 1.886116484833879170e+01
1.903670000000000102e-03 1.784965522382813319e+01
1.916979999999999986e-03 1.686969007781148022e+01
1.930300000000000028e-03 1.592148179231958238e+01
1.943609999999999912e-03 1.500867138989404737e+01
1.956920000000000014e-03 1.413122602004276374e+01
1.970229999999999898e-03 1.329072169210185983e+01
1.983550000000000157e-03 1.248684005394795449e+01
1.996860000000000041e-03 1.172149410796176738e+01
2.010169999999999926e-03 1.099389017301425753e+01
2.023479999999999810e-03 1.030380564732803528e+01
2.036800000000000069e-03 9.650060709463453179e+00
2.050109999999999953e-03 9.032617130617609291e+00
2.063419999999999838e-03 8.449875534407714994e+00
2.076730000000000156e-03 7.900259816399834989e+00
2.090049999999999981e-03 7.381991703603627997e+00
2.103359999999999865e-03 6.893991570955167347e+00
2.116670000000000183e-03 6.434369997929751506e+00
2.129980000000000068e-03 6.001212194597504102e+00
2.143299999999999893e-03 5.592724712156003086e+00
2.156610000000000211e-03 5.207697406955365871e+00
2.169920000000000095e-03 4.844441577660381526e+00
2.183229999999999980e-03 4.501306362459257748e+00
2.196539999999999864e-03 4.177051189864042335e+00
2.209860000000000123e-03 3.870026850039245403e+00
2.223170000000000007e-03 3.579614459385580094e+00
2.236479999999999892e-03 3.304444666461050950e+00
2.249790000000000210e-03 3.043625050593042669e+00
2.263110000000000035e-03 2.796136944944151992e+00
2.276419999999999919e-03 2.561668272032309623e+00
2.289729999999999804e-03 2.339511386932966008e+00
2.303040000000000122e-03 2.129193315174239487e+00
2.316359999999999947e-03 1.930302115307694688e+00
2.329669999999999831e-03 1.742841735177135920e+00
2.342980000000000149e-03 1.566570711124627646e+00
2.356290000000000034e-03 1.401306988383201890e+00
2.369609999999999859e-03 1.246897159852771164e+00
2.382920000000000177e-03 1.103422204765519554e+00
2.396230000000000061e-03 9.706879118021539687e-01
2.409539999999999946e-03 8.485032935233951523e-01
2.422860000000000204e-03 7.366005082064794873e-01
2.436170000000000089e-03 6.348694983421676596e-01
2.449479999999999973e-03 5.429206629840896969e-01
2.462789999999999858e-03 4.603718659590136375e-01
2.476100000000000176e-03 3.868018113256033175e-01
2.489420000000000001e-03 3.216874715798327955e-01
2.502729999999999885e-03 2.646096137355339328e-01
2.516040000000000203e-03 2.149781302766994584e-01
2.529350000000000088e-03 1.722121858469811417e-01
2.542669999999999913e-03 1.356980820977001234e-01
2.555979999999999797e-03 1.048855217193623984e-01
2.569290000000000115e-03 7.914832663914128652e-02
2.582600000000000000e-03 5.789757807278805846e-02
2.595919999999999825e-03 4.054108946198005381e-02
2.609230000000000143e-03 2.657137710925824153e-02
2.622540000000000027e-03 1.545208342680384067e-02
2.635849999999999912e-03 6.777922716372146959e-03
2.649170000000000171e-03 0.000000000000000000e+00
