1.331239999999999980e-05 2.624003740059932355e+01
2.662479999999999960e-05 2.624005629097099401e+01
3.993720000000000110e-05 2.624003733763639090e+01
5.324959999999999920e-05 2.624005620063552868e+01
6.656200000000000408e-05 2.624003719271972557e+01
7.987440000000000219e-05 2.624005596186119149e+01
9.318669999999999330e-05 2.624003678411844120e+01
1.064989999999999980e-04 2.624005527120918657e+01
1.198119999999999974e-04 2.624003559362522964e+01
1.331240000000000082e-04 2.624005327099414941e+01
1.464360000000000054e-04 2.624003218672756432e+01
1.597489999999999913e-04 2.624004764297008307e+01
1.730609999999999885e-04 2.624002280128030762e+01
1.863730000000000128e-04 2.624003243565294952e+01
1.996859999999999987e-04 2.623999830605040628e+01
2.129979999999999959e-04 2.623999387428091268e+01
2.263110000000000089e-04 2.623993827648967070e+01
2.396230000000000061e-04 2.623990230345462393e+01
2.529349999999999763e-04 2.623980069233498469e+01
2.662480000000000163e-04 2.623969937605527036e+01
2.795599999999999865e-04 2.623950664508807051e+01
2.928730000000000265e-04 2.623928074568932445e+01
3.061849999999999967e-04 2.623892194409248191e+01
3.194970000000000210e-04 2.623847816754105366e+01
3.328100000000000069e-04 2.623784178390995336e+01
3.461219999999999770e-04 2.623704969725676861e+01
3.594350000000000171e-04 2.623598982526580059e+01
3.727469999999999872e-04 2.623469114212455011e+01
3.860590000000000115e-04 2.623304446988293037e+01
3.993719999999999974e-04 2.623107894183936395e+01
4.126840000000000217e-04 2.622869820788480766e+01
4.259970000000000076e-04 2.622594429315614661e+01
4.393089999999999777e-04 2.622274140896503880e+01
4.526210000000000021e-04 2.621915692141910270e+01
4.659339999999999879e-04 2.621513585591834428e+01
4.792460000000000123e-04 2.621077549983678523e+01
4.925590000000000523e-04 2.620603214142408888e+01
5.058709999999999683e-04 2.620102069689550817e+01
5.191829999999999926e-04 2.619568840296284407e+01
5.324960000000000327e-04 2.619013722726943882e+01
5.458079999999999486e-04 2.618427959659479143e+01
5.591199999999999729e-04 2.617816430315571807e+01
5.724330000000000130e-04 2.617164301746462485e+01
5.857450000000000373e-04 2.616467306168438611e+01
5.990579999999999690e-04 2.615703587126075647e+01
6.123699999999999933e-04 2.614857366124018512e+01
6.256820000000000177e-04 2.613900817833118140e+01
6.389949999999999493e-04 2.612807212412408120e+01
6.523069999999999737e-04 2.611545906975011633e+01
6.656200000000000137e-04 2.610083478107705091e+01
6.789320000000000381e-04 2.608390670111501564e+01
6.922439999999999540e-04 2.606434454000622480e+01
7.055569999999999941e-04 2.604191125452885203e+01
7.188690000000000184e-04 2.601636362709132655e+01
7.321819999999999501e-04 2.598755659982193578e+01
7.454939999999999744e-04 2.595539511802698840e+01
7.588059999999999987e-04 2.591984157754989582e+01
7.721190000000000388e-04 2.588096798816858879e+01
7.854309999999999547e-04 2.583883299190079796e+01
7.987439999999999948e-04 2.579365342764093327e+01
8.120560000000000191e-04 2.574553239848582820e+01
8.253680000000000435e-04 2.569476214301177919e+01
8.386809999999999751e-04 2.564141904349044410e+01
8.519929999999999995e-04 2.558577461499737282e+01
8.653050000000000238e-04 2.552783380594019036e+01
8.786179999999999555e-04 2.546772104412721660e+01
8.919299999999999798e-04 2.540534858318377687e+01
9.052430000000000199e-04 2.534063393323245705e+01
9.185550000000000442e-04 2.527337780083113472e+01
9.318669999999999601e-04 2.520328562723380728e+01
9.451800000000000002e-04 2.513005166209629948e+01
9.584920000000000245e-04 2.505321727104719187e+01
9.718049999999999562e-04 2.497241872760178438e+01
9.851169999999999805e-04 2.488709179712157749e+01
9.984289999999998964e-04 2.479687474657117363e+01
1.011739999999999905e-03 2.470118266857581801e+01
1.025050000000000006e-03 2.459970500769285096e+01
1.038370000000000048e-03 2.449183732246009626e+01
1.051679999999999933e-03 2.437751879705846036e+01
1.064990000000000034e-03 2.425630176472223098e+01
1.078299999999999918e-03 2.412807720644366682e+01
1.091619999999999960e-03 2.399258553234180624e+01
1.104930000000000061e-03 2.385004401810638441e+01
1.118239999999999946e-03 2.370040903092147033e+01
1.131550000000000047e-03 2.354380119017550754e+01
1.144870000000000089e-03 2.338035263524366414e+01
1.158179999999999973e-03 2.321051031176565971e+01
1.171490000000000075e-03 2.303453658053452813e+01
1.184799999999999959e-03 2.285267401317180713e+01
1.198120000000000001e-03 2.266523518332792264e+01
1.211430000000000102e-03 2.247275413287488632e+01
1.224739999999999987e-03 2.227554356083817311e+01
1.238050000000000088e-03 2.207383485950082047e+01
1.251359999999999972e-03 2.186804097449961404e+01
1.264680000000000014e-03 2.165819024167847928e+01
1.277989999999999899e-03 2.144492635405601533e+01
1.291300000000000000e-03 2.122820534925410740e+01
1.304610000000000101e-03 2.100821171551466193e+01
1.317929999999999926e-03 2.078479825766205735e+01
1.331240000000000027e-03 2.055827780121676795e+01
1.344549999999999912e-03 2.032837860740971792e+01
1.357860000000000013e-03 2.009481751970705687e+01
1.371180000000000055e-03 1.985718748537433953e+01
1.384489999999999939e-03 1.961530169834777837e+01
1.397800000000000041e-03 1.936864499849960453e+01
1.411109999999999925e-03 1.911648877312191885e+01
1.424429999999999967e-03 1.885825881488320377e+01
1.437740000000000068e-03 1.859357961840587237e+01
1.451049999999999953e-03 1.832190625078689550e+01
1.464360000000000054e-03 1.804262564599555674e+01
1.477680000000000096e-03 1.775528611071322160e+01
1.490989999999999980e-03 1.746001111905826519e+01
1.504300000000000082e-03 1.715651010986155001e+01
1.517609999999999966e-03 1.684485675113436542e+01
1.530930000000000008e-03 1.652491699638754241e+01
1.544239999999999892e-03 1.619760982636617186e+01
1.557549999999999994e-03 1.586294485604865123e+01
1.570860000000000095e-03 1.552163334008454676e+01
1.584169999999999979e-03 1.517402489878864458e+01
1.597490000000000021e-03 1.482071272810003926e+01
1.610799999999999906e-03 1.446262123113098674e+01
1.624110000000000007e-03 1.410037728892289799e+01
1.637420000000000108e-03 1.373437362953323948e+01
1.650739999999999933e-03 1.336520441896763067e+01
1.664050000000000034e-03 1.299379292171088984e+01
1.677359999999999919e-03 1.262069550390430983e+01
1.690670000000000020e-03 1.224625690387025223e+01
1.703990000000000062e-03 1.187102476699910270e+01
1.717299999999999946e-03 1.149589631735088346e+01
1.730610000000000048e-03 1.112143718692702521e+01
1.743919999999999932e-03 1.074801386772413103e+01
1.757239999999999974e-03 1.037640676989076738e+01
1.770550000000000075e-03 1.000735469503814556e+01
1.783859999999999960e-03 9.641591695263668882e+00
1.797170000000000061e-03 9.279679207552572251e+00
1.810490000000000103e-03 8.922319086442312752e+00
1.823799999999999987e-03 8.570507861275409311e+00
1.837110000000000088e-03 8.224936220779298424e+00
1.850419999999999973e-03 7.886027363105402088e+00
1.863730000000000074e-03 7.554590490135177028e+00
1.877049999999999899e-03 7.230702195866330229e+00
1.890360000000000000e-03 6.915401600656291947e+00
1.903670000000000102e-03 6.608616661151594407e+00
1.916979999999999986e-03 6.310599272602058996e+00
1.930300000000000028e-03 6.021140135166625384e+00
1.943609999999999912e-03 5.740657968312722126e+00
1.956920000000000014e-03 5.468807291127889769e+00
1.970229999999999898e-03 5.205406787884419906e+00
1.983550000000000157e-03 4.950058315425311051e+00
1.996860000000000041e-03 4.702917721895568448e+00
2.010169999999999926e-03 4.463576908336976956e+00
2.023479999999999810e-03 4.231849297317308967e+00
2.036800000000000069e-03 4.007383422844718268e+00
2.050109999999999953e-03 3.790391048941315510e+00
2.063419999999999838e-03 3.580563833167317522e+00
2.076730000000000156e-03 3.377803275069503286e+00
2.090049999999999981e-03 3.181841709605663038e+00
2.103359999999999865e-03 2.992848642802819370e+00
2.116670000000000183e-03 2.810544958527293691e+00
2.129980000000000068e-03 2.634749981988069312e+00
2.143299999999999893e-03 2.465177023063158224e+00
2.156610000000000211e-03 2.301861939795473599e+00
2.169920000000000095e-03 2.144504162869937058e+00
2.183229999999999980e-03 1.992903922372940784e+00
2.196539999999999864e-03 1.846908720605059173e+00
2.209860000000000123e-03 1.706299673388034011e+00
2.223170000000000007e-03 1.571192655293426332e+00
2.236479999999999892e-03 1.441496844077077455e+00
2.249790000000000210e-03 1.317199097723571910e+00
2.263110000000000035e-03 1.198345931318768542e+00
2.276419999999999919e-03 1.085178534101854719e+00
2.289729999999999804e-03 9.778200393678367908e-01
2.303040000000000122e-03 8.763772003563831126e-01
2.316359999999999947e-03 7.809926164432250406e-01
2.329669999999999831e-03 6.919101436754980794e-01
2.342980000000000149e-03 6.092024237212895210e-01
2.356290000000000034e-03 5.329120581888789898e-01
2.369609999999999859e-03 4.630039092418015145e-01
2.382920000000000177e-03 3.995249374862657188e-01
2.396230000000000061e-03 3.422892621905769817e-01
2.409539999999999946e-03 2.911181697944589808e-01
2.422860000000000204e-03 2.456988330135425613e-01
2.436170000000000089e-03 2.058059627747803599e-01
2.449479999999999973e-03 1.710210507836238680e-01
2.462789999999999858e-03 1.409638890089293939e-01
2.476100000000000176e-03 1.151970235009994598e-01
2.489420000000000001e-03 9.328306553794761535e-02
2.502729999999999885e-03 7.481850537011103253e-02
2.516040000000000203e-03 5.937290266004054823e-02
2.529350000000000088e-03 4.655461063614682593e-02
2.542669999999999913e-03 3.598333171748694520e-02
2.555979999999999797e-03 2.735172464166460773e-02
2.569290000000000115e-03 2.034261895158524097e-02
2.582600000000000000e-03 1.470555352526387721e-02
2.595919999999999825e-03 1.019476446723563932e-02
2.609230000000000143e-03 6.631510303362129870e-03
2.622540000000000027e-03 3.831306677556150109e-03
2.635849999999999912e-03 1.674862716830368770e-03
2.649170000000000171e-03 0.000000000000000000e+00
