1.331239999999999980e-05 7.238671947015801607e+02
2.662479999999999960e-05 7.147441426377837388e+02
3.993720000000000110e-05 7.089119613682468071e+02
5.324959999999999920e-05 7.043401676377837930e+02
6.656200000000000408e-05 7.004200680349135837e+02
7.987440000000000219e-05 6.968786415266725953e+02
9.318669999999999330e-05 6.935740012363821734e+02
1.064989999999999980e-04 6.904171128814458598e+02
1.198119999999999974e-04 6.873537927549201640e+02
1.331240000000000082e-04 6.843429879422120621e+02
1.464360000000000054e-04 6.813579401773490645e+02
1.597489999999999913e-04 6.783741731886904063e+02
1.730609999999999885e-04 6.753765581810869207e+02
1.863730000000000128e-04 6.723478194924055060e+02
1.996859999999999987e-04 6.692773153307610983e+02
2.129979999999999959e-04 6.661518758760531682e+02
2.263110000000000089e-04 6.629635863835857208e+02
2.396230000000000061e-04 6.597013111099015532e+02
2.529349999999999763e-04 6.563597086682624422e+02
2.662480000000000163e-04 6.529286322732540384e+02
2.795599999999999865e-04 6.494058874074567029e+02
2.928730000000000265e-04 6.457830053230464955e+02
3.061849999999999967e-04 6.420603927919673879e+02
3.194970000000000210e-04 6.382322566756203059e+02
3.328100000000000069e-04 6.343007594840892125e+02
3.461219999999999770e-04 6.302637855425765565e+02
3.594350000000000171e-04 6.261254927854408834e+02
3.727469999999999872e-04 6.218866286816235061e+02
3.860590000000000115e-04 6.175534009128173238e+02
3.993719999999999974e-04 6.131279224735299067e+02
4.126840000000000217e-04 6.086183213553949827e+02
4.259970000000000076e-04 6.040277643195295241e+02
4.393089999999999777e-04 5.993642272661170409e+02
4.526210000000000021e-04 5.946314090353521351e+02
4.659339999999999879e-04 5.898350911674671124e+02
4.792460000000000123e-04 5.849788647360707046e+02
4.925590000000000523e-04 5.800661734222970836e+02
5.058709999999999683e-04 5.750983338476057725e+02
5.191829999999999926e-04 5.700768383373857660e+02
5.324960000000000327e-04 5.649989015881329806e+02
5.458079999999999486e-04 5.598649940283579554e+02
5.591199999999999729e-04 5.546692412722836707e+02
5.724330000000000130e-04 5.494093782614149859e+02
5.857450000000000373e-04 5.440782245515312070e+02
5.990579999999999690e-04 5.386723755462558074e+02
6.123699999999999933e-04 5.331832837431912822e+02
6.256820000000000177e-04 5.276080543351802135e+02
6.389949999999999493e-04 5.219368524220851668e+02
6.523069999999999737e-04 5.161689859945549870e+02
6.656200000000000137e-04 5.102952826232842654e+02
6.789320000000000381e-04 5.043165681118019847e+02
6.922439999999999540e-04 4.982261275722494815e+02
7.055569999999999941e-04 4.920250890043004119e+02
7.188690000000000184e-04 4.857106094244015821e+02
7.321819999999999501e-04 4.792849060245104056e+02
7.454939999999999744e-04 4.727476930548079963e+02
7.588059999999999987e-04 4.661029383982145191e+02
7.721190000000000388e-04 4.593511205842048639e+02
7.854309999999999547e-04 4.524986728146120072e+02
7.987439999999999948e-04 4.455473614861719511e+02
8.120560000000000191e-04 4.385043228752476239e+02
8.253680000000000435e-04 4.313732179271926839e+02
8.386809999999999751e-04 4.241600962189040729e+02
8.519929999999999995e-04 4.168714109957246023e+02
8.653050000000000238e-04 4.095135452747108502e+02
8.786179999999999555e-04 4.020924319269433909e+02
8.919299999999999798e-04 3.946164757507235663e+02
9.052430000000000199e-04 3.870922294859576596e+02
9.185550000000000442e-04 3.795285325890333183e+02
9.318669999999999601e-04 3.719337558570877604e+02
9.451800000000000002e-04 3.643154509469904951e+02
9.584920000000000245e-04 3.566850991702681881e+02
9.718049999999999562e-04 3.490499646693068598e+02
9.851169999999999805e-04 3.414227904251396808e+02
9.984289999999998964e-04 3.338115717737548493e+02
1.011739999999999905e-03 3.262293902218513040e+02
1.025050000000000006e-03 3.186846339956925362e+02
1.038370000000000048e-03 3.111840013598813357e+02
1.051679999999999933e-03 3.037462830352042147e+02
1.064990000000000034e-03 2.963770260887159793e+02
1.078299999999999918e-03 2.890864606255962030e+02
1.091619999999999960e-03 2.818843353844579269e+02
1.104930000000000061e-03 2.747750541014963233e+02
1.118239999999999946e-03 2.677691440903488456e+02
1.131550000000000047e-03 2.608711466902826146e+02
1.144870000000000089e-03 2.540827122118178636e+02
1.158179999999999973e-03 2.474154244208415037e+02
1.171490000000000075e-03 2.408690215147860556e+02
1.184799999999999959e-03 2.344435709453719028e+02
1.198120000000000001e-03 2.281365979746902042e+02
1.211430000000000102e-03 2.219563806754338486e+02
1.224739999999999987e-03 2.158981975235974176e+02
1.238050000000000088e-03 2.099599477720895777e+02
1.251359999999999972e-03 2.041401138823038366e+02
1.264680000000000014e-03 1.984318074923777431e+02
1.277989999999999899e-03 1.928411496369704707e+02
1.291300000000000000e-03 1.873610635709999030e+02
1.304610000000000101e-03 1.819887580006443386e+02
1.317929999999999926e-03 1.767175491970815813e+02
1.331240000000000027e-03 1.715526349791732628e+02
1.344549999999999912e-03 1.664874952984900744e+02
1.357860000000000013e-03 1.615197011006998764e+02
1.371180000000000055e-03 1.566432997162466734e+02
1.384489999999999939e-03 1.518635664842265669e+02
1.397800000000000041e-03 1.471748043866790852e+02
1.411109999999999925e-03 1.425753912604954792e+02
1.424429999999999967e-03 1.380602095610164497e+02
1.437740000000000068e-03 1.336348803844788904e+02
1.451049999999999953e-03 1.292945900865064175e+02
1.464360000000000054e-03 1.250387159774618482e+02
1.477680000000000096e-03 1.208630502600851173e+02
1.490989999999999980e-03 1.167738362615335888e+02
1.504300000000000082e-03 1.127671930449204183e+02
1.517609999999999966e-03 1.088436884331476477e+02
1.530930000000000008e-03 1.050000349278817566e+02
1.544239999999999892e-03 1.012430725488322167e+02
1.557549999999999994e-03 9.756973594065132716e+01
1.570860000000000095e-03 9.398140303157488518e+01
1.584169999999999979e-03 9.047802667435016133e+01
1.597490000000000021e-03 8.705848011823415789e+01
1.610799999999999906e-03 8.372779061454012606e+01
1.624110000000000007e-03 8.048461343302760440e+01
1.637420000000000108e-03 7.732862205827825619e+01
1.650739999999999933e-03 7.425827267210968330e+01
1.664050000000000034e-03 7.127752528312502989e+01
1.677359999999999919e-03 6.838420557778827913e+01
1.690670000000000020e-03 6.557728274982738981e+01
1.703990000000000062e-03 6.285417038723229410e+01
1.717299999999999946e-03 6.021755627042806935e+01
1.730610000000000048e-03 5.766425368540502916e+01
1.743919999999999932e-03 5.519256847241429398e+01
1.757239999999999974e-03 5.279913755639635298e+01
1.770550000000000075e-03 5.048566357730037168e+01
1.783859999999999960e-03 4.824860747513301362e+01
1.797170000000000061e-03 4.608600511624091212e+01
1.810490000000000103e-03 4.399459178599358466e+01
1.823799999999999987e-03 4.197557840008973784e+01
1.837110000000000088e-03 4.002592435048596542e+01
1.850419999999999973e-03 3.814381906321923310e+01
1.863730000000000074e-03 3.632807444558823562e+01
1.877049999999999899e-03 3.457573746855793928e+01
1.890360000000000000e-03 3.288848118789142205e+01
1.903670000000000102e-03 3.126352841314241360e+01
1.916979999999999986e-03 2.970002596099961067e+01
1.930300000000000028e-03 2.819547758956032624e+01
1.943609999999999912e-03 2.675125043926091450e+01
1.956920000000000014e-03 2.536486682130838233e+01
1.970229999999999898e-03 2.403520494676234165e+01
1.983550000000000157e-03 2.275988868115523545e+01
1.996860000000000041e-03 2.153937223747957930e+01
2.010169999999999926e-03 2.037115388028308871e+01
2.023479999999999810e-03 1.925338654229052793e+01
2.036800000000000069e-03 1.818357146857113094e+01
2.050109999999999953e-03 1.716115745854311925e+01
2.063419999999999838e-03 1.618352702006881572e+01
2.076730000000000156e-03 1.524836039565451173e+01
2.090049999999999981e-03 1.435313184912297757e+01
2.103359999999999865e-03 1.349690505498198867e+01
2.116670000000000183e-03 1.267724068912596103e+01
2.129980000000000068e-03 1.189209839815551639e+01
2.143299999999999893e-03 1.113934717609139646e+01
2.156610000000000211e-03 1.041847786172243140e+01
2.169920000000000095e-03 9.727670210941786522e+00
2.183229999999999980e-03 9.065760188697611355e+00
2.196539999999999864e-03 8.431826534798997130e+00
2.209860000000000123e-03 7.824724663663499058e+00
2.223170000000000007e-03 7.244749267599728704e+00
2.236479999999999892e-03 6.691129381881494531e+00
2.249790000000000210e-03 6.163477327883984280e+00
2.263110000000000035e-03 5.661306186903508397e+00
2.276419999999999919e-03 5.185103394002274158e+00
2.289729999999999804e-03 4.734423533172953391e+00
2.303040000000000122e-03 4.309004712635889689e+00
2.316359999999999947e-03 3.908375567053766986e+00
2.329669999999999831e-03 3.532785957546703770e+00
2.342980000000000149e-03 3.181585607194656440e+00
2.356290000000000034e-03 2.854276013239634757e+00
2.369609999999999859e-03 2.550070947078177941e+00
2.382920000000000177e-03 2.268763436879004836e+00
2.396230000000000061e-03 2.009390781811225324e+00
2.409539999999999946e-03 1.771139723751878225e+00
2.422860000000000204e-03 1.552976277329197963e+00
2.436170000000000089e-03 1.354300074436487478e+00
2.449479999999999973e-03 1.173999506311682151e+00
2.462789999999999858e-03 1.011072862566198882e+00
2.476100000000000176e-03 8.645294933163812923e-01
2.489420000000000001e-03 7.332396966962404505e-01
2.502729999999999885e-03 6.163930788405937999e-01
2.516040000000000203e-03 5.128662973100013289e-01
2.529350000000000088e-03 4.216610090486831997e-01
2.542669999999999913e-03 3.417137663768459732e-01
2.555979999999999797e-03 2.721805396361949292e-01
2.569290000000000115e-03 2.120429990036418744e-01
2.582600000000000000e-03 1.603947006331034320e-01
2.595919999999999825e-03 1.163058998291831431e-01
2.609230000000000143e-03 7.901683465037320775e-02
2.622540000000000027e-03 4.768196343681239957e-02
2.635849999999999912e-03 2.164276401051168364e-02
2.649170000000000171e-03 0.000000000000000000e+00
