1.331239999999999980e-05 1.005008645710519659e+03
2.662479999999999960e-05 1.002377318996804206e+03
3.993720000000000110e-05 1.000384816821630807e+03
5.324959999999999920e-05 9.985745492745819547e+02
6.656200000000000408e-05 9.967908785994084155e+02
7.987440000000000219e-05 9.949645666634708050e+02
9.318669999999999330e-05 9.930445553051380330e+02
1.064989999999999980e-04 9.910019186671025864e+02
1.198119999999999974e-04 9.888064428974172415e+02
1.331240000000000082e-04 9.864400463852028906e+02
1.464360000000000054e-04 9.838811514774469060e+02
1.597489999999999913e-04 9.811160312803719989e+02
1.730609999999999885e-04 9.781296100826401698e+02
1.863730000000000128e-04 9.749118150020269695e+02
1.996859999999999987e-04 9.714519756270865400e+02
2.129979999999999959e-04 9.677444481494889033e+02
2.263110000000000089e-04 9.637827286039921546e+02
2.396230000000000061e-04 9.595650699760229827e+02
2.529349999999999763e-04 9.550890572169749930e+02
2.662480000000000163e-04 9.503556779929465392e+02
2.795599999999999865e-04 9.453667108390772000e+02
2.928730000000000265e-04 9.401260208454584699e+02
3.061849999999999967e-04 9.346379028301413427e+02
3.194970000000000210e-04 9.289093682912832719e+02
3.328100000000000069e-04 9.229452912746097581e+02
3.461219999999999770e-04 9.167563042556523669e+02
3.594350000000000171e-04 9.103479010797465207e+02
3.727469999999999872e-04 9.037327249575580481e+02
3.860590000000000115e-04 8.969172340364416414e+02
3.993719999999999974e-04 8.899139936878056005e+02
4.126840000000000217e-04 8.827310208590910179e+02
4.259970000000000076e-04 8.753810248959035789e+02
4.393089999999999777e-04 8.678714447908409966e+02
4.526210000000000021e-04 8.602153335511142132e+02
4.659339999999999879e-04 8.524171883610896430e+02
4.792460000000000123e-04 8.444908165887477480e+02
4.925590000000000523e-04 8.364382042399759030e+02
5.058709999999999683e-04 8.282712633043511232e+02
5.191829999999999926e-04 8.199903237311832527e+02
5.324960000000000327e-04 8.116028628100681317e+02
5.458079999999999486e-04 8.031088039278401993e+02
5.591199999999999729e-04 7.945125845480188218e+02
5.724330000000000130e-04 7.858100941429250952e+02
5.857450000000000373e-04 7.770047519986687803e+02
5.990579999999999690e-04 7.680899716166929920e+02
6.123699999999999933e-04 7.590665976762805940e+02
6.256820000000000177e-04 7.499274212123449388e+02
6.389949999999999493e-04 7.406692418337991057e+02
6.523069999999999737e-04 7.312863737007436384e+02
6.656200000000000137e-04 7.217737860009259521e+02
6.789320000000000381e-04 7.121261055101681450e+02
6.922439999999999540e-04 7.023391033461739426e+02
7.055569999999999941e-04 6.924064398932027871e+02
7.188690000000000184e-04 6.823278415391237104e+02
7.321819999999999501e-04 6.720982815305621898e+02
7.454939999999999744e-04 6.617210699682469794e+02
7.588059999999999987e-04 6.511948089787355229e+02
7.721190000000000388e-04 6.405256990074575469e+02
7.854309999999999547e-04 6.297181616889140514e+02
7.987439999999999948e-04 6.187838633711554621e+02
8.120560000000000191e-04 6.077307162960076994e+02
8.253680000000000435e-04 5.965777532774319525e+02
8.386809999999999751e-04 5.853331817911602002e+02
8.519929999999999995e-04 5.740243140274703819e+02
8.653050000000000238e-04 5.626609098551949728e+02
8.786179999999999555e-04 5.512714874591681564e+02
8.919299999999999798e-04 5.398684422491641044e+02
9.052430000000000199e-04 5.284804322727978843e+02
9.185550000000000442e-04 5.171183338382554666e+02
9.318669999999999601e-04 5.058096710484867344e+02
9.451800000000000002e-04 4.945599333844206171e+02
9.584920000000000245e-04 4.833946752739531689e+02
9.718049999999999562e-04 4.723148584937842429e+02
9.851169999999999805e-04 4.613398189262857159e+02
9.984289999999998964e-04 4.504674685945247461e+02
1.011739999999999905e-03 4.397096047866850768e+02
1.025050000000000006e-03 4.290615493866648649e+02
1.038370000000000048e-03 4.185196885868226104e+02
1.051679999999999933e-03 4.080927707680201024e+02
1.064990000000000034e-03 3.977737561969931903e+02
1.078299999999999918e-03 3.875544136674991478e+02
1.091619999999999960e-03 3.774264375168164634e+02
1.104930000000000061e-03 3.673970408295426182e+02
1.118239999999999946e-03 3.574587257420353694e+02
1.131550000000000047e-03 3.476049084159419635e+02
1.144870000000000089e-03 3.378316862000579022e+02
1.158179999999999973e-03 3.281490717505682824e+02
1.171490000000000075e-03 3.185570175875441805e+02
1.184799999999999959e-03 3.090557593786551820e+02
1.198120000000000001e-03 2.996556153779067131e+02
1.211430000000000102e-03 2.903610125565912199e+02
1.224739999999999987e-03 2.811857654875564094e+02
1.238050000000000088e-03 2.721376316498573829e+02
1.251359999999999972e-03 2.632331612975653456e+02
1.264680000000000014e-03 2.544719478869689908e+02
1.277989999999999899e-03 2.458861953411045249e+02
1.291300000000000000e-03 2.374753615398121553e+02
1.304610000000000101e-03 2.292575161259301524e+02
1.317929999999999926e-03 2.212313510461801229e+02
1.331240000000000027e-03 2.134239105942805566e+02
1.344549999999999912e-03 2.058317478741201967e+02
1.357860000000000013e-03 1.984651893281513821e+02
1.371180000000000055e-03 1.913189074765426767e+02
1.384489999999999939e-03 1.844084802386847741e+02
1.397800000000000041e-03 1.777258902972390047e+02
1.411109999999999925e-03 1.712704630485315249e+02
1.424429999999999967e-03 1.650325052757640378e+02
1.437740000000000068e-03 1.590158775791943242e+02
1.451049999999999953e-03 1.532090270451491278e+02
1.464360000000000054e-03 1.476028369860112264e+02
1.477680000000000096e-03 1.421852376343855440e+02
1.490989999999999980e-03 1.369530783178177842e+02
1.504300000000000082e-03 1.318938750144736787e+02
1.517609999999999966e-03 1.269955513915079450e+02
1.530930000000000008e-03 1.222463307791635287e+02
1.544239999999999892e-03 1.176416218486033927e+02
1.557549999999999994e-03 1.131703297714478396e+02
1.570860000000000095e-03 1.088219014353065006e+02
1.584169999999999979e-03 1.045897599893731638e+02
1.597490000000000021e-03 1.004620210215649507e+02
1.610799999999999906e-03 9.643939087984206537e+01
1.624110000000000007e-03 9.251206822447497302e+01
1.637420000000000108e-03 8.867575100652017284e+01
1.650739999999999933e-03 8.492321336346984140e+01
1.664050000000000034e-03 8.125700490385389685e+01
1.677359999999999919e-03 7.767222837445081041e+01
1.690670000000000020e-03 7.416700642282529543e+01
1.703990000000000062e-03 7.073893085363926048e+01
1.717299999999999946e-03 6.739235883570275121e+01
1.730610000000000048e-03 6.412680980243735007e+01
1.743919999999999932e-03 6.094235617340837052e+01
1.757239999999999974e-03 5.784016210825262760e+01
1.770550000000000075e-03 5.482552244453874124e+01
1.783859999999999960e-03 5.190028817558992813e+01
1.797170000000000061e-03 4.906525975002912077e+01
1.810490000000000103e-03 4.632249277515546027e+01
1.823799999999999987e-03 4.367669387135071446e+01
1.837110000000000088e-03 4.112915037236886207e+01
1.850419999999999973e-03 3.867991094799924667e+01
1.863730000000000074e-03 3.633106473340507847e+01
1.877049999999999899e-03 3.408027514910244093e+01
1.890360000000000000e-03 3.193150075614071781e+01
1.903670000000000102e-03 2.988167516880112728e+01
1.916979999999999986e-03 2.792998296297441740e+01
1.930300000000000028e-03 2.607299154854496592e+01
1.943609999999999912e-03 2.431158565808750538e+01
1.956920000000000014e-03 2.264186204521187662e+01
1.970229999999999898e-03 2.106122351748402721e+01
1.983550000000000157e-03 1.956577060598082340e+01
1.996860000000000041e-03 1.815480352549766963e+01
2.010169999999999926e-03 1.682436061335221211e+01
2.023479999999999810e-03 1.557138537126258448e+01
2.036800000000000069e-03 1.439217098979531251e+01
2.050109999999999953e-03 1.328539817691795299e+01
2.063419999999999838e-03 1.224745110633107004e+01
2.076730000000000156e-03 1.127520468456874170e+01
2.090049999999999981e-03 1.036528816984427337e+01
2.103359999999999865e-03 9.515887632142289831e+00
2.116670000000000183e-03 8.723685849013808280e+00
2.129980000000000068e-03 7.985467955871809131e+00
2.143299999999999893e-03 7.298128388098219510e+00
2.156610000000000211e-03 6.659542459266869940e+00
2.169920000000000095e-03 6.066720574593089665e+00
2.183229999999999980e-03 5.516684771947539367e+00
2.196539999999999864e-03 5.007136016222871966e+00
2.209860000000000123e-03 4.535057792005298793e+00
2.223170000000000007e-03 4.099077429216539947e+00
2.236479999999999892e-03 3.696560980103736238e+00
2.249790000000000210e-03 3.325673810626378568e+00
2.263110000000000035e-03 2.984214975092539746e+00
2.276419999999999919e-03 2.671090083861317410e+00
2.289729999999999804e-03 2.384350969267966303e+00
2.303040000000000122e-03 2.122553815152696810e+00
2.316359999999999947e-03 1.883962338908396372e+00
2.329669999999999831e-03 1.667583019924388177e+00
2.342980000000000149e-03 1.471741510584126944e+00
2.356290000000000034e-03 1.295122969535735580e+00
2.369609999999999859e-03 1.136141870831414824e+00
2.382920000000000177e-03 9.937431569434524992e-01
2.396230000000000061e-03 8.664017707435300863e-01
2.409539999999999946e-03 7.528662546231770225e-01
2.422860000000000204e-03 6.517650195092027365e-01
2.436170000000000089e-03 5.620833460596018627e-01
2.449479999999999973e-03 4.826189794358158869e-01
2.462789999999999858e-03 4.123332942221186181e-01
2.476100000000000176e-03 3.502925554431398636e-01
2.489420000000000001e-03 2.955772612339636063e-01
2.502729999999999885e-03 2.475203648135517742e-01
2.516040000000000203e-03 2.053674687323140680e-01
2.529350000000000088e-03 1.685268016288206938e-01
2.542669999999999913e-03 1.364018720871265078e-01
2.555979999999999797e-03 1.085685453598056460e-01
2.569290000000000115e-03 8.454144192147836079e-02
2.582600000000000000e-03 6.393148533752332496e-02
2.595919999999999825e-03 4.634268601347194677e-02
2.609230000000000143e-03 3.147095369136727883e-02
2.622540000000000027e-03 1.897805800790728845e-02
2.635849999999999912e-03 8.605521915895525745e-03
2.649170000000000171e-03 0.000000000000000000e+00
