1.331239999999999980e-05 4.008759839320485412e+02
2.662479999999999960e-05 4.008746564244999036e+02
3.993720000000000110e-05 4.008744164588262606e+02
5.324959999999999920e-05 4.008729832814443625e+02
6.656200000000000408e-05 4.008724045292706819e+02
7.987440000000000219e-05 4.008704498284999431e+02
9.318669999999999330e-05 4.008691176250782746e+02
1.064989999999999980e-04 4.008661480334874341e+02
1.198119999999999974e-04 4.008634469853910218e+02
1.331240000000000082e-04 4.008586880561774706e+02
1.464360000000000054e-04 4.008536540914602142e+02
1.597489999999999913e-04 4.008459115863705051e+02
1.730609999999999885e-04 4.008370980794391016e+02
1.863730000000000128e-04 4.008246343371606599e+02
1.996859999999999987e-04 4.008099993258337577e+02
2.129979999999999959e-04 4.007904407344070137e+02
2.263110000000000089e-04 4.007672902187294426e+02
2.396230000000000061e-04 4.007376097338082559e+02
2.529349999999999763e-04 4.007026179589306025e+02
2.662480000000000163e-04 4.006591944724322616e+02
2.795599999999999865e-04 4.006084913676669998e+02
2.928730000000000265e-04 4.005472311630064155e+02
3.061849999999999967e-04 4.004765106428467334e+02
3.194970000000000210e-04 4.003929088459423156e+02
3.328100000000000069e-04 4.002974042334853380e+02
3.461219999999999770e-04 4.001863897488821067e+02
3.594350000000000171e-04 4.000605996165835450e+02
3.727469999999999872e-04 3.999160503627406342e+02
3.860590000000000115e-04 3.997530289079174963e+02
3.993719999999999974e-04 3.995668259078701112e+02
4.126840000000000217e-04 3.993570484164948198e+02
4.259970000000000076e-04 3.991178646688883305e+02
4.393089999999999777e-04 3.988479536864059014e+02
4.526210000000000021e-04 3.985399987210862491e+02
4.659339999999999879e-04 3.981916161133090668e+02
4.792460000000000123e-04 3.977938485663964912e+02
4.925590000000000523e-04 3.973434650759223246e+02
5.058709999999999683e-04 3.968299454027857678e+02
5.191829999999999926e-04 3.962497183942727474e+02
5.324960000000000327e-04 3.955911267743641702e+02
5.458079999999999486e-04 3.948510301487526704e+02
5.591199999999999729e-04 3.940176397816559302e+02
5.724330000000000130e-04 3.930886225371205569e+02
5.857450000000000373e-04 3.920533059985432942e+02
5.990579999999999690e-04 3.909107311243534468e+02
6.123699999999999933e-04 3.896520610338467918e+02
6.256820000000000177e-04 3.882780562332474688e+02
6.389949999999999493e-04 3.867818191602535194e+02
6.523069999999999737e-04 3.851659180390686288e+02
6.656200000000000137e-04 3.834254135629124107e+02
6.789320000000000381e-04 3.815639776119876387e+02
6.922439999999999540e-04 3.795783008911102456e+02
7.055569999999999941e-04 3.774721447837822552e+02
7.188690000000000184e-04 3.752433811577448068e+02
7.321819999999999501e-04 3.728956191180191695e+02
7.454939999999999744e-04 3.704267526170485212e+02
7.588059999999999987e-04 3.678402297711623987e+02
7.721190000000000388e-04 3.651329245374486163e+02
7.854309999999999547e-04 3.623085247091099745e+02
7.987439999999999948e-04 3.593630099407405964e+02
8.120560000000000191e-04 3.562999018193418124e+02
8.253680000000000435e-04 3.531149494392934116e+02
8.386809999999999751e-04 3.498110036905008542e+02
8.519929999999999995e-04 3.463845680342996616e+02
8.653050000000000238e-04 3.428387667380113726e+02
8.786179999999999555e-04 3.391698604736391758e+02
8.919299999999999798e-04 3.353822688256013294e+02
9.052430000000000199e-04 3.314728594037263747e+02
9.185550000000000442e-04 3.274466349945615775e+02
9.318669999999999601e-04 3.233018342788950577e+02
9.451800000000000002e-04 3.190430639083493816e+02
9.584920000000000245e-04 3.146705137036166207e+02
9.718049999999999562e-04 3.101888430892867063e+02
9.851169999999999805e-04 3.055991381071313526e+02
9.984289999999998964e-04 3.009066695930264359e+02
1.011739999999999905e-03 2.961129862843503702e+02
1.025050000000000006e-03 2.912239810610158202e+02
1.038370000000000048e-03 2.862376146539440924e+02
1.051679999999999933e-03 2.811677533481694695e+02
1.064990000000000034e-03 2.760137595047160062e+02
1.078299999999999918e-03 2.707827040777752359e+02
1.091619999999999960e-03 2.654754588008302107e+02
1.104930000000000061e-03 2.601079407739875364e+02
1.118239999999999946e-03 2.546830392554268485e+02
1.131550000000000047e-03 2.492096761869077000e+02
1.144870000000000089e-03 2.436929234137498668e+02
1.158179999999999973e-03 2.381507850436014451e+02
1.171490000000000075e-03 2.325901611925686439e+02
1.184799999999999959e-03 2.270211738068167051e+02
1.198120000000000001e-03 2.214517394840235056e+02
1.211430000000000102e-03 2.159001012012606679e+02
1.224739999999999987e-03 2.103737390055029550e+02
1.238050000000000088e-03 2.048815052329688058e+02
1.251359999999999972e-03 1.994329000980860940e+02
1.264680000000000014e-03 1.940319912060832905e+02
1.277989999999999899e-03 1.886950096635277134e+02
1.291300000000000000e-03 1.834200332174084451e+02
1.304610000000000101e-03 1.782131919607595592e+02
1.317929999999999926e-03 1.730719890775137060e+02
1.331240000000000027e-03 1.680063120863508743e+02
1.344549999999999912e-03 1.630119996561516871e+02
1.357860000000000013e-03 1.580887432810529560e+02
1.371180000000000055e-03 1.532318050178379565e+02
1.384489999999999939e-03 1.484471245236037760e+02
1.397800000000000041e-03 1.437298419037635995e+02
1.411109999999999925e-03 1.390791335507377369e+02
1.424429999999999967e-03 1.344909944445576286e+02
1.437740000000000068e-03 1.299733890717605220e+02
1.451049999999999953e-03 1.255233988038354482e+02
1.464360000000000054e-03 1.211447894599614159e+02
1.477680000000000096e-03 1.168361666853550958e+02
1.490989999999999980e-03 1.126104987114984368e+02
1.504300000000000082e-03 1.084674686929154461e+02
1.517609999999999966e-03 1.044155900865668798e+02
1.530930000000000008e-03 1.004554473056861355e+02
1.544239999999999892e-03 9.660214638432799461e+01
1.557549999999999994e-03 9.285618992045469611e+01
1.570860000000000095e-03 8.922578995960952852e+01
1.584169999999999979e-03 8.571357839268492285e+01
1.597490000000000021e-03 8.232280817616032209e+01
1.610799999999999906e-03 7.905965558652991376e+01
1.624110000000000007e-03 7.592391162796644721e+01
1.637420000000000108e-03 7.291471690434974562e+01
1.650739999999999933e-03 7.002831195742997750e+01
1.664050000000000034e-03 6.726618030526537950e+01
1.677359999999999919e-03 6.462084883681173153e+01
1.690670000000000020e-03 6.208771001711298254e+01
1.703990000000000062e-03 5.965668808155834313e+01
1.717299999999999946e-03 5.732557472578998414e+01
1.730610000000000048e-03 5.508253728441885499e+01
1.743919999999999932e-03 5.292110155409525163e+01
1.757239999999999974e-03 5.082930272408535188e+01
1.770550000000000075e-03 4.880391035662862720e+01
1.783859999999999960e-03 4.683392105562102614e+01
1.797170000000000061e-03 4.491374146589640759e+01
1.810490000000000103e-03 4.303463245326994269e+01
1.823799999999999987e-03 4.119514732048281758e+01
1.837110000000000088e-03 3.938946223508490618e+01
1.850419999999999973e-03 3.761496768311536698e+01
1.863730000000000074e-03 3.587045742183673980e+01
1.877049999999999899e-03 3.415377437743665467e+01
1.890360000000000000e-03 3.246922498030474458e+01
1.903670000000000102e-03 3.081617683706213739e+01
1.916979999999999986e-03 2.919852126986678087e+01
1.930300000000000028e-03 2.761678275819092221e+01
1.943609999999999912e-03 2.607826261484887098e+01
1.956920000000000014e-03 2.458391652737497068e+01
1.970229999999999898e-03 2.313850146879697434e+01
1.983550000000000157e-03 2.174291890720304821e+01
1.996860000000000041e-03 2.040289410775903534e+01
2.010169999999999926e-03 1.911862300788985891e+01
2.023479999999999810e-03 1.789209473632634939e+01
2.036800000000000069e-03 1.672272146166776352e+01
2.050109999999999953e-03 1.561258368893657611e+01
2.063419999999999838e-03 1.456016716174928760e+01
2.076730000000000156e-03 1.356447062551853833e+01
2.090049999999999981e-03 1.262343239745838019e+01
2.103359999999999865e-03 1.173663976451025448e+01
2.116670000000000183e-03 1.090163090201889418e+01
2.129980000000000068e-03 1.011618589099523291e+01
2.143299999999999893e-03 9.377817762371599031e+00
2.156610000000000211e-03 8.685295334939953094e+00
2.169920000000000095e-03 8.036127352288255921e+00
2.183229999999999980e-03 7.427923475996401237e+00
2.196539999999999864e-03 6.858773148358547900e+00
2.209860000000000123e-03 6.325881120778791278e+00
2.223170000000000007e-03 5.828135862674821865e+00
2.236479999999999892e-03 5.362767262149182201e+00
2.249790000000000210e-03 4.927876364423440236e+00
2.263110000000000035e-03 4.520879435446001793e+00
2.276419999999999919e-03 4.140558541384612212e+00
2.289729999999999804e-03 3.784563551230440304e+00
2.303040000000000122e-03 3.451227426106945995e+00
2.316359999999999947e-03 3.138636256978972749e+00
2.329669999999999831e-03 2.845855737625206494e+00
2.342980000000000149e-03 2.571434299113620536e+00
2.356290000000000034e-03 2.314295448425003787e+00
2.369609999999999859e-03 2.073497570240831589e+00
2.382920000000000177e-03 1.848656581782409436e+00
2.396230000000000061e-03 1.639195731304518677e+00
2.409539999999999946e-03 1.444633160133284910e+00
2.422860000000000204e-03 1.264632773791585674e+00
2.436170000000000089e-03 1.099125361874589757e+00
2.449479999999999973e-03 9.477933178775612699e-01
2.462789999999999858e-03 8.102991601505287189e-01
2.476100000000000176e-03 6.863257995565823499e-01
2.489420000000000001e-03 5.753458426210474874e-01
2.502729999999999885e-03 4.769916374255726010e-01
2.516040000000000203e-03 3.905713898642639847e-01
2.529350000000000088e-03 3.153412114616453432e-01
2.542669999999999913e-03 2.504749615840958787e-01
2.555979999999999797e-03 1.951851439927970167e-01
2.569290000000000115e-03 1.485371156153943994e-01
2.582600000000000000e-03 1.096030577514425369e-01
2.595919999999999825e-03 7.744283403269147659e-02
2.609230000000000143e-03 5.122960068614679924e-02
2.622540000000000027e-03 3.008011129613693407e-02
2.635849999999999912e-03 1.331189023132186081e-02
2.649170000000000171e-03 0.000000000000000000e+00
