1.331239999999999980e-05 1.036015378417743477e+03
2.662479999999999960e-05 1.029086404421153702e+03
3.993720000000000110e-05 1.024277395084410273e+03
5.324959999999999920e-05 1.020228662754486891e+03
6.656200000000000408e-05 1.016529388417743576e+03
7.987440000000000219e-05 1.012990088865597954e+03
9.318669999999999330e-05 1.009512246233887595e+03
1.064989999999999980e-04 1.006029101060621429e+03
1.198119999999999974e-04 1.002501942952582567e+03
1.331240000000000082e-04 9.988967495643133816e+02
1.464360000000000054e-04 9.951948571319119310e+02
1.597489999999999913e-04 9.913740190621122110e+02
1.730609999999999885e-04 9.874257597771174915e+02
1.863730000000000128e-04 9.833340528587725657e+02
1.996859999999999987e-04 9.790948604233814194e+02
2.129979999999999959e-04 9.746970033810856648e+02
2.263110000000000089e-04 9.701394637081043584e+02
2.396230000000000061e-04 9.654138633808504437e+02
2.529349999999999763e-04 9.605216907063145300e+02
2.662480000000000163e-04 9.554554515126470733e+02
2.795599999999999865e-04 9.502191164135533654e+02
2.928730000000000265e-04 9.448060356447140293e+02
3.061849999999999967e-04 9.392208415759691889e+02
3.194970000000000210e-04 9.334579037025662274e+02
3.328100000000000069e-04 9.275207988458191721e+02
3.461219999999999770e-04 9.214053365963740134e+02
3.594350000000000171e-04 9.151146512242814879e+02
3.727469999999999872e-04 9.086445736236730681e+02
3.860590000000000115e-04 9.019987302397171334e+02
3.993719999999999974e-04 8.951716187949414234e+02
4.126840000000000217e-04 8.881688299563421651e+02
4.259970000000000076e-04 8.809847923785597459e+02
4.393089999999999777e-04 8.736260240328902000e+02
4.526210000000000021e-04 8.660885825862624188e+02
4.659339999999999879e-04 8.583785183366472893e+02
4.792460000000000123e-04 8.504953530478311450e+02
4.925590000000000523e-04 8.424458589376865802e+02
5.058709999999999683e-04 8.342317572156000551e+02
5.191829999999999926e-04 8.258616361552531089e+02
5.324960000000000327e-04 8.173375836567990973e+02
5.458079999999999486e-04 8.086711348706137414e+02
5.591199999999999729e-04 7.998662178304781492e+02
5.724330000000000130e-04 7.909328956329972016e+02
5.857450000000000373e-04 7.818784438603961462e+02
5.990579999999999690e-04 7.727120847113772015e+02
6.123699999999999933e-04 7.634415562292953155e+02
6.256820000000000177e-04 7.540760372135281386e+02
6.389949999999999493e-04 7.446206866861772369e+02
6.523069999999999737e-04 7.350855122913542345e+02
6.656200000000000137e-04 7.254734763465819469e+02
6.789320000000000381e-04 7.157930087911649935e+02
6.922439999999999540e-04 7.060455458491608169e+02
7.055569999999999941e-04 6.962355909642358256e+02
7.188690000000000184e-04 6.863641398380532337e+02
7.321819999999999501e-04 6.764332687964745219e+02
7.454939999999999744e-04 6.664414221885435836e+02
7.588059999999999987e-04 6.563900653858433998e+02
7.721190000000000388e-04 6.462733252892210203e+02
7.854309999999999547e-04 6.360943367479685548e+02
7.987439999999999948e-04 6.258453240726094009e+02
8.120560000000000191e-04 6.155296747872448577e+02
8.253680000000000435e-04 6.051406605428198873e+02
8.386809999999999751e-04 5.946804051233422115e+02
8.519929999999999995e-04 5.841465446569312689e+02
8.653050000000000238e-04 5.735429909520601086e+02
8.786179999999999555e-04 5.628685560828444068e+02
8.919299999999999798e-04 5.521319153338370143e+02
9.052430000000000199e-04 5.413357909844501137e+02
9.185550000000000442e-04 5.304914169304008738e+02
9.318669999999999601e-04 5.196075476762954395e+02
9.451800000000000002e-04 5.086952725633219643e+02
9.584920000000000245e-04 4.977707098626947300e+02
9.718049999999999562e-04 4.868457385800887209e+02
9.851169999999999805e-04 4.759402215079112466e+02
9.984289999999998964e-04 4.650674547402222743e+02
1.011739999999999905e-03 4.542483686839025836e+02
1.025050000000000006e-03 4.434963679795972098e+02
1.038370000000000048e-03 4.328219142878261323e+02
1.051679999999999933e-03 4.222542905638927095e+02
1.064990000000000034e-03 4.118038436854567408e+02
1.078299999999999918e-03 4.014757888557555248e+02
1.091619999999999960e-03 3.912788217120326522e+02
1.104930000000000061e-03 3.812325973717543093e+02
1.118239999999999946e-03 3.713391388429374729e+02
1.131550000000000047e-03 3.615995299161039611e+02
1.144870000000000089e-03 3.520110606499038113e+02
1.158179999999999973e-03 3.425866808832979018e+02
1.171490000000000075e-03 3.333190470409506361e+02
1.184799999999999959e-03 3.242049406967603886e+02
1.198120000000000001e-03 3.152345701034752210e+02
1.211430000000000102e-03 3.064173581087682123e+02
1.224739999999999987e-03 2.977424085043086279e+02
1.238050000000000088e-03 2.892057770814049604e+02
1.251359999999999972e-03 2.808041221505320095e+02
1.264680000000000014e-03 2.725282022283672632e+02
1.277989999999999899e-03 2.643892140046840495e+02
1.291300000000000000e-03 2.563791709655615705e+02
1.304610000000000101e-03 2.484996025945789313e+02
1.317929999999999926e-03 2.407443138615921612e+02
1.331240000000000027e-03 2.331291031001661622e+02
1.344549999999999912e-03 2.256488149417561146e+02
1.357860000000000013e-03 2.183094243072844165e+02
1.371180000000000055e-03 2.111067782063420850e+02
1.384489999999999939e-03 2.040583172054688816e+02
1.397800000000000041e-03 1.971597895468188710e+02
1.411109999999999925e-03 1.904172070031102066e+02
1.424429999999999967e-03 1.838261942086763270e+02
1.437740000000000068e-03 1.774009429548982837e+02
1.451049999999999953e-03 1.711360660722669707e+02
1.464360000000000054e-03 1.650334557247176690e+02
1.477680000000000096e-03 1.590870437701326807e+02
1.490989999999999980e-03 1.533050369923913649e+02
1.504300000000000082e-03 1.476802480740653323e+02
1.517609999999999966e-03 1.422096151522768537e+02
1.530930000000000008e-03 1.368855616819155330e+02
1.544239999999999892e-03 1.317113825556074289e+02
1.557549999999999994e-03 1.266790303774537136e+02
1.570860000000000095e-03 1.217830781283248314e+02
1.584169999999999979e-03 1.170194555692757206e+02
1.597490000000000021e-03 1.123796069462104157e+02
1.610799999999999906e-03 1.078667807998774606e+02
1.624110000000000007e-03 1.034736031483667205e+02
1.637420000000000108e-03 9.919706284844664879e+01
1.650739999999999933e-03 9.503184258625680059e+01
1.664050000000000034e-03 9.098205825075521602e+01
1.677359999999999919e-03 8.704416251963594675e+01
1.690670000000000020e-03 8.321683856374495747e+01
1.703990000000000062e-03 7.949830213299944148e+01
1.717299999999999946e-03 7.589340206134522759e+01
1.730610000000000048e-03 7.240108732921075330e+01
1.743919999999999932e-03 6.902082258153835426e+01
1.757239999999999974e-03 6.575181885798242831e+01
1.770550000000000075e-03 6.259822957970295221e+01
1.783859999999999960e-03 5.955843550923969332e+01
1.797170000000000061e-03 5.663109746735231198e+01
1.810490000000000103e-03 5.381360318006355925e+01
1.823799999999999987e-03 5.110807507186019194e+01
1.837110000000000088e-03 4.851041587743389982e+01
1.850419999999999973e-03 4.601772889780061604e+01
1.863730000000000074e-03 4.362676793782411977e+01
1.877049999999999899e-03 4.133234179139822828e+01
1.890360000000000000e-03 3.913381571969765815e+01
1.903670000000000102e-03 3.702574176096735670e+01
1.916979999999999986e-03 3.500385273360174665e+01
1.930300000000000028e-03 3.306303132101712094e+01
1.943609999999999912e-03 3.120232549620509488e+01
1.956920000000000014e-03 2.941699452049754626e+01
1.970229999999999898e-03 2.770399733053228530e+01
1.983550000000000157e-03 2.605939144349049030e+01
1.996860000000000041e-03 2.448358850235205963e+01
2.010169999999999926e-03 2.297331375535318898e+01
2.023479999999999810e-03 2.152742813797565091e+01
2.036800000000000069e-03 2.014342592872897697e+01
2.050109999999999953e-03 1.882288435036550567e+01
2.063419999999999838e-03 1.756372036273979376e+01
2.076730000000000156e-03 1.636569287509100334e+01
2.090049999999999981e-03 1.522707579399879485e+01
2.103359999999999865e-03 1.414920496819952866e+01
2.116670000000000183e-03 1.313032792557400086e+01
2.129980000000000068e-03 1.216962277524675073e+01
2.143299999999999893e-03 1.126528593489494057e+01
2.156610000000000211e-03 1.041725354250292668e+01
2.169920000000000095e-03 9.623403602217869945e+00
2.183229999999999980e-03 8.881688138232867402e+00
2.196539999999999864e-03 8.190313355023780773e+00
2.209860000000000123e-03 7.546259027729135482e+00
2.223170000000000007e-03 6.948380525406150809e+00
2.236479999999999892e-03 6.393355140783997470e+00
2.249790000000000210e-03 5.878875447328719694e+00
2.263110000000000035e-03 5.401630720319192669e+00
2.276419999999999919e-03 4.959961889952308134e+00
2.289729999999999804e-03 4.550643379670368915e+00
2.303040000000000122e-03 4.171358024266027087e+00
2.316359999999999947e-03 3.819202388328711617e+00
2.329669999999999831e-03 3.492556194680180859e+00
2.342980000000000149e-03 3.188868137786577961e+00
2.356290000000000034e-03 2.906241099794721006e+00
2.369609999999999859e-03 2.642610149024009925e+00
2.382920000000000177e-03 2.396785750386169589e+00
2.396230000000000061e-03 2.167159621098918354e+00
2.409539999999999946e-03 1.952486837536662190e+00
2.422860000000000204e-03 1.751640730608761354e+00
2.436170000000000089e-03 1.564012639052079212e+00
2.449479999999999973e-03 1.388849119846381708e+00
2.462789999999999858e-03 1.225527829175089289e+00
2.476100000000000176e-03 1.073706624837453605e+00
2.489420000000000001e-03 9.328705600670528231e-01
2.502729999999999885e-03 8.030140401997729604e-01
2.516040000000000203e-03 6.837387691697034420e-01
2.529350000000000088e-03 5.748287507294614906e-01
2.542669999999999913e-03 4.759281871527110686e-01
2.555979999999999797e-03 3.868802381833588711e-01
2.569290000000000115e-03 3.072638623881080999e-01
2.582600000000000000e-03 2.366418607336728264e-01
2.595919999999999825e-03 1.745118485312687207e-01
2.609230000000000143e-03 1.204056298263400659e-01
2.622540000000000027e-03 7.371656215652472310e-02
2.635849999999999912e-03 3.385290301555909931e-02
2.649170000000000171e-03 0.000000000000000000e+00
