1.331239999999999980e-05 4.604356840173020373e+02
2.662479999999999960e-05 4.594047205336410684e+02
3.993720000000000110e-05 4.586907062395243315e+02
5.324959999999999920e-05 4.580928635891966678e+02
6.656200000000000408e-05 4.575525997950798569e+02
7.987440000000000219e-05 4.570430380891966138e+02
9.318669999999999330e-05 4.565520936676324482e+02
1.064989999999999980e-04 4.560713280867079220e+02
1.198119999999999974e-04 4.555974126922288860e+02
1.331240000000000082e-04 4.551268331770964437e+02
1.464360000000000054e-04 4.546586685477364540e+02
1.597489999999999913e-04 4.541908855198828405e+02
1.730609999999999885e-04 4.537230310694698119e+02
1.863730000000000128e-04 4.532532599843702883e+02
1.996859999999999987e-04 4.527804420425453600e+02
2.129979999999999959e-04 4.523022320010639987e+02
2.263110000000000089e-04 4.518164664254174454e+02
2.396230000000000061e-04 4.513197097811814160e+02
2.529349999999999763e-04 4.508087746054579839e+02
2.662480000000000163e-04 4.502788230732560351e+02
2.795599999999999865e-04 4.497259493683541791e+02
2.928730000000000265e-04 4.491440649904325824e+02
3.061849999999999967e-04 4.485288484988060418e+02
3.194970000000000210e-04 4.478733977694415671e+02
3.328100000000000069e-04 4.471733297231015740e+02
3.461219999999999770e-04 4.464215655496399791e+02
3.594350000000000171e-04 4.456142333097126880e+02
3.727469999999999872e-04 4.447445334161477604e+02
3.860590000000000115e-04 4.438096134601726135e+02
3.993719999999999974e-04 4.428032790554171925e+02
4.126840000000000217e-04 4.417240757012834820e+02
4.259970000000000076e-04 4.405668846243494272e+02
4.393089999999999777e-04 4.393314563143061378e+02
4.526210000000000021e-04 4.380140176785475887e+02
4.659339999999999879e-04 4.366149838151790732e+02
4.792460000000000123e-04 4.351319768621883100e+02
4.925590000000000523e-04 4.335657756184766640e+02
5.058709999999999683e-04 4.319146340608174910e+02
5.191829999999999926e-04 4.301793666703379131e+02
5.324960000000000327e-04 4.283576988695896262e+02
5.458079999999999486e-04 4.264502150900663651e+02
5.591199999999999729e-04 4.244536107557040054e+02
5.724330000000000130e-04 4.223669541741958824e+02
5.857450000000000373e-04 4.201855983069132776e+02
5.990579999999999690e-04 4.179071087166440748e+02
6.123699999999999933e-04 4.155246081691297491e+02
6.256820000000000177e-04 4.130345770375328129e+02
6.389949999999999493e-04 4.104273750723792205e+02
6.523069999999999737e-04 4.076993278886832854e+02
6.656200000000000137e-04 4.048389667300535848e+02
6.789320000000000381e-04 4.018427881775033370e+02
6.922439999999999540e-04 3.986992243797753304e+02
7.055569999999999941e-04 3.954052084752026417e+02
7.188690000000000184e-04 3.919513609191429850e+02
7.321819999999999501e-04 3.883365003419751247e+02
7.454939999999999744e-04 3.845546805247219027e+02
7.588059999999999987e-04 3.806078683473019737e+02
7.721190000000000388e-04 3.764942845482482312e+02
7.854309999999999547e-04 3.722201545948724402e+02
7.987439999999999948e-04 3.677892488834064011e+02
8.120560000000000191e-04 3.632110105734024046e+02
8.253680000000000435e-04 3.584954514034064914e+02
8.386809999999999751e-04 3.536534611461645454e+02
8.519929999999999995e-04 3.487010000838248516e+02
8.653050000000000238e-04 3.436502546065837009e+02
8.786179999999999555e-04 3.385191347462650810e+02
8.919299999999999798e-04 3.333209198616221443e+02
9.052430000000000199e-04 3.280737512282772741e+02
9.185550000000000442e-04 3.227895907413662826e+02
9.318669999999999601e-04 3.174851597354343653e+02
9.451800000000000002e-04 3.121688588796490649e+02
9.584920000000000245e-04 3.068547795255998381e+02
9.718049999999999562e-04 3.015479476914117072e+02
9.851169999999999805e-04 2.962574040447487960e+02
9.984289999999998964e-04 2.909855284933178154e+02
1.011739999999999905e-03 2.857356954241620315e+02
1.025050000000000006e-03 2.805081217744202604e+02
1.038370000000000048e-03 2.752970415786143121e+02
1.051679999999999933e-03 2.701088418780029201e+02
1.064990000000000034e-03 2.649352412444345646e+02
1.078299999999999918e-03 2.597741833710978767e+02
1.091619999999999960e-03 2.546166840190885239e+02
1.104930000000000061e-03 2.494688204787723862e+02
1.118239999999999946e-03 2.443226367936970007e+02
1.131550000000000047e-03 2.391776237309077828e+02
1.144870000000000089e-03 2.340283501857925899e+02
1.158179999999999973e-03 2.288835029759671613e+02
1.171490000000000075e-03 2.237405761024820379e+02
1.184799999999999959e-03 2.186019029745221189e+02
1.198120000000000001e-03 2.134677143729606996e+02
1.211430000000000102e-03 2.083490099284340999e+02
1.224739999999999987e-03 2.032477036805050545e+02
1.238050000000000088e-03 1.981675040027245416e+02
1.251359999999999972e-03 1.931148247279993484e+02
1.264680000000000014e-03 1.880894442938662507e+02
1.277989999999999899e-03 1.831048170754378930e+02
1.291300000000000000e-03 1.781607702005052261e+02
1.304610000000000101e-03 1.732637134097901424e+02
1.317929999999999926e-03 1.684101399561173480e+02
1.331240000000000027e-03 1.636132554236795897e+02
1.344549999999999912e-03 1.588715474925825788e+02
1.357860000000000013e-03 1.541893221602659025e+02
1.371180000000000055e-03 1.495646204337338645e+02
1.384489999999999939e-03 1.450087013956891155e+02
1.397800000000000041e-03 1.405194884106638824e+02
1.411109999999999925e-03 1.361013088223952252e+02
1.424429999999999967e-03 1.317522261247526956e+02
1.437740000000000068e-03 1.274829719186304686e+02
1.451049999999999953e-03 1.232914299968672225e+02
1.464360000000000054e-03 1.191813478474150543e+02
1.477680000000000096e-03 1.151505572464698588e+02
1.490989999999999980e-03 1.112080220192697340e+02
1.504300000000000082e-03 1.073510887436757884e+02
1.517609999999999966e-03 1.035816034269659838e+02
1.530930000000000008e-03 9.989662304589855069e+01
1.544239999999999892e-03 9.630237980026277000e+01
1.557549999999999994e-03 9.279541983170608432e+01
1.570860000000000095e-03 8.937545526694333375e+01
1.584169999999999979e-03 8.604138960400968017e+01
1.597490000000000021e-03 8.278984025003451563e+01
1.610799999999999906e-03 7.962431172378285282e+01
1.624110000000000007e-03 7.654112371494640854e+01
1.637420000000000108e-03 7.353878695113185415e+01
1.650739999999999933e-03 7.061391688857463578e+01
1.664050000000000034e-03 6.776944705842626604e+01
1.677359999999999919e-03 6.500227717219708268e+01
1.690670000000000020e-03 6.231111559464070382e+01
1.703990000000000062e-03 5.969354718472994392e+01
1.717299999999999946e-03 5.715241668315602652e+01
1.730610000000000048e-03 5.468580912401199612e+01
1.743919999999999932e-03 5.229286187129244468e+01
1.757239999999999974e-03 4.997229819234144799e+01
1.770550000000000075e-03 4.772690054712300878e+01
1.783859999999999960e-03 4.555558903998026921e+01
1.797170000000000061e-03 4.345769771356577138e+01
1.810490000000000103e-03 4.143226875575403056e+01
1.823799999999999987e-03 3.948155303853069853e+01
1.837110000000000088e-03 3.760418016685877518e+01
1.850419999999999973e-03 3.579906036034768846e+01
1.863730000000000074e-03 3.406566484831807884e+01
1.877049999999999899e-03 3.240128676425587173e+01
1.890360000000000000e-03 3.080702076664536193e+01
1.903670000000000102e-03 2.927977798457625980e+01
1.916979999999999986e-03 2.781733646539904470e+01
1.930300000000000028e-03 2.641642256517016207e+01
1.943609999999999912e-03 2.507629641317516800e+01
1.956920000000000014e-03 2.379344926857660525e+01
1.970229999999999898e-03 2.256468787525395925e+01
1.983550000000000157e-03 2.138660022121147719e+01
1.996860000000000041e-03 2.025774838955597801e+01
2.010169999999999926e-03 1.917484659003824987e+01
2.023479999999999810e-03 1.813498647653758411e+01
2.036800000000000069e-03 1.713527340803065613e+01
2.050109999999999953e-03 1.617484185940035246e+01
2.063419999999999838e-03 1.525118392060593564e+01
2.076730000000000156e-03 1.436257076271020772e+01
2.090049999999999981e-03 1.350701933791075682e+01
2.103359999999999865e-03 1.268470522861938932e+01
2.116670000000000183e-03 1.189407146491694611e+01
2.129980000000000068e-03 1.113451167370422112e+01
2.143299999999999893e-03 1.040488579020029469e+01
2.156610000000000211e-03 9.706023514964359222e+00
2.169920000000000095e-03 9.037001968441209954e+00
2.183229999999999980e-03 8.397695606977775284e+00
2.196539999999999864e-03 7.787832778671243794e+00
2.209860000000000123e-03 7.206827390362847474e+00
2.223170000000000007e-03 6.655256991836102642e+00
2.236479999999999892e-03 6.132414520783313172e+00
2.249790000000000210e-03 5.637902165204097926e+00
2.263110000000000035e-03 5.170908964405995789e+00
2.276419999999999919e-03 4.731594480047559337e+00
2.289729999999999804e-03 4.318958225435600262e+00
2.303040000000000122e-03 3.932309457637023886e+00
2.316359999999999947e-03 3.570558273217265377e+00
2.329669999999999831e-03 3.233427344987876761e+00
2.342980000000000149e-03 2.919714004664681006e+00
2.356290000000000034e-03 2.628502711913849321e+00
2.369609999999999859e-03 2.358592536165247555e+00
2.382920000000000177e-03 2.109415361439872072e+00
2.396230000000000061e-03 1.879757273869181233e+00
2.409539999999999946e-03 1.668621806038215194e+00
2.422860000000000204e-03 1.474865601526965442e+00
2.436170000000000089e-03 1.297788974566020492e+00
2.449479999999999973e-03 1.136291163352036504e+00
2.462789999999999858e-03 9.894053460969346458e-01
2.476100000000000176e-03 8.562244639698206594e-01
2.489420000000000001e-03 7.357361092947338754e-01
2.502729999999999885e-03 6.272627855018083620e-01
2.516040000000000203e-03 5.298503664467474339e-01
2.529350000000000088e-03 4.426954432864743660e-01
2.542669999999999913e-03 3.649339668838618156e-01
2.555979999999999797e-03 2.959400553252560795e-01
2.569290000000000115e-03 2.349168145950796538e-01
2.582600000000000000e-03 1.811868088969032786e-01
2.595919999999999825e-03 1.340428650117794496e-01
2.609230000000000143e-03 9.294754753161310612e-02
2.622540000000000027e-03 5.726590518232169830e-02
2.635849999999999912e-03 2.650883773937267804e-02
2.649170000000000171e-03 0.000000000000000000e+00
