1.331239999999999980e-05 9.272619690546569018e+02
2.662479999999999960e-05 9.242979627046684072e+02
3.993720000000000110e-05 9.221401734991012518e+02
5.324959999999999920e-05 9.202450846491128686e+02
6.656200000000000408e-05 9.184422446102123558e+02
7.987440000000000219e-05 9.166524365935572405e+02
9.318669999999999330e-05 9.148299459281499821e+02
1.064989999999999980e-04 9.129442669461700461e+02
1.198119999999999974e-04 9.109737911231597991e+02
1.331240000000000082e-04 9.089010261236813903e+02
1.464360000000000054e-04 9.067126229968914686e+02
1.597489999999999913e-04 9.043955654429537390e+02
1.730609999999999885e-04 9.019410193508455222e+02
1.863730000000000128e-04 8.993383091266180145e+02
1.996859999999999987e-04 8.965803985455260090e+02
2.129979999999999959e-04 8.936586139483277975e+02
2.263110000000000089e-04 8.905672327428087556e+02
2.396230000000000061e-04 8.872986057521411567e+02
2.529349999999999763e-04 8.838484196931036649e+02
2.662480000000000163e-04 8.802090823693715720e+02
2.795599999999999865e-04 8.763782201698966219e+02
2.928730000000000265e-04 8.723486892564239952e+02
3.061849999999999967e-04 8.681194097513820225e+02
3.194970000000000210e-04 8.636844402928979889e+02
3.328100000000000069e-04 8.590431074932067759e+02
3.461219999999999770e-04 8.541917519324432533e+02
3.594350000000000171e-04 8.491307555751008067e+02
3.727469999999999872e-04 8.438581743634755412e+02
3.860590000000000115e-04 8.383762825153853555e+02
3.993719999999999974e-04 8.326839060625536604e+02
4.126840000000000217e-04 8.267861276054239852e+02
4.259970000000000076e-04 8.206834027470754336e+02
4.393089999999999777e-04 8.143822349557717644e+02
4.526210000000000021e-04 8.078854664480054453e+02
4.659339999999999879e-04 8.011991054413903157e+02
4.792460000000000123e-04 7.943290787574237584e+02
4.925590000000000523e-04 7.872810997866254183e+02
5.058709999999999683e-04 7.800620347045661447e+02
5.191829999999999926e-04 7.726776369895028438e+02
5.324960000000000327e-04 7.651330497628125613e+02
5.458079999999999486e-04 7.574346907581685855e+02
5.591199999999999729e-04 7.495866231241840296e+02
5.724330000000000130e-04 7.415922426333107751e+02
5.857450000000000373e-04 7.334557338849757571e+02
5.990579999999999690e-04 7.251786486932734306e+02
6.123699999999999933e-04 7.167636597136491901e+02
6.256820000000000177e-04 7.082122595908570020e+02
6.389949999999999493e-04 6.995244895387575070e+02
6.523069999999999737e-04 6.907040780119494912e+02
6.656200000000000137e-04 6.817510587652585627e+02
6.789320000000000381e-04 6.726705951620771202e+02
6.922439999999999540e-04 6.634657944487555596e+02
7.055569999999999941e-04 6.541419160136950950e+02
7.188690000000000184e-04 6.447081932515478684e+02
7.321819999999999501e-04 6.351715035685723478e+02
7.454939999999999744e-04 6.255458016473671705e+02
7.588059999999999987e-04 6.158406346680491197e+02
7.721190000000000388e-04 6.060718970047147423e+02
7.854309999999999547e-04 5.962522428146783113e+02
7.987439999999999948e-04 5.863991516456951558e+02
8.120560000000000191e-04 5.765246862722443666e+02
8.253680000000000435e-04 5.666467438287994582e+02
8.386809999999999751e-04 5.567730766299010838e+02
8.519929999999999995e-04 5.469207249478647554e+02
8.653050000000000238e-04 5.370941860734728834e+02
8.786179999999999555e-04 5.273030182129274408e+02
8.919299999999999798e-04 5.175502703178707407e+02
9.052430000000000199e-04 5.078384708624466271e+02
9.185550000000000442e-04 4.981673232065398906e+02
9.318669999999999601e-04 4.885342195911223371e+02
9.451800000000000002e-04 4.789342761503476140e+02
9.584920000000000245e-04 4.693628411635389739e+02
9.718049999999999562e-04 4.598131910224778380e+02
9.851169999999999805e-04 4.502788519583359630e+02
9.984289999999998964e-04 4.407540901759049348e+02
1.011739999999999905e-03 4.312324629974121990e+02
1.025050000000000006e-03 4.217104136987844072e+02
1.038370000000000048e-03 4.121759524494836455e+02
1.051679999999999933e-03 4.026422086201189927e+02
1.064990000000000034e-03 3.931023958391606925e+02
1.078299999999999918e-03 3.835580910070929122e+02
1.091619999999999960e-03 3.740080497690955781e+02
1.104930000000000061e-03 3.644709465068463601e+02
1.118239999999999946e-03 3.549509245953672689e+02
1.131550000000000047e-03 3.454546549898760759e+02
1.144870000000000089e-03 3.359912234406431253e+02
1.158179999999999973e-03 3.265824927537672693e+02
1.171490000000000075e-03 3.172388017238030216e+02
1.184799999999999959e-03 3.079741450234946569e+02
1.198120000000000001e-03 2.988113633407373868e+02
1.211430000000000102e-03 2.897501913148463473e+02
1.224739999999999987e-03 2.808152028201101302e+02
1.238050000000000088e-03 2.720173814072301184e+02
1.251359999999999972e-03 2.633731637996226596e+02
1.264680000000000014e-03 2.548814949776357537e+02
1.277989999999999899e-03 2.465699259380633634e+02
1.291300000000000000e-03 2.384355269631227259e+02
1.304610000000000101e-03 2.304887148476951211e+02
1.317929999999999926e-03 2.227247653636207190e+02
1.331240000000000027e-03 2.151611312753141192e+02
1.344549999999999912e-03 2.077908696737194987e+02
1.357860000000000013e-03 2.006154709231622348e+02
1.371180000000000055e-03 1.936267399270512328e+02
1.384489999999999939e-03 1.868330587065348993e+02
1.397800000000000041e-03 1.802248621616707851e+02
1.411109999999999925e-03 1.737973923978672701e+02
1.424429999999999967e-03 1.675408418232092060e+02
1.437740000000000068e-03 1.614583340326981613e+02
1.451049999999999953e-03 1.555397831782373714e+02
1.464360000000000054e-03 1.497785334322417157e+02
1.477680000000000096e-03 1.441652535554683254e+02
1.490989999999999980e-03 1.387023267279466836e+02
1.504300000000000082e-03 1.333810550775609443e+02
1.517609999999999966e-03 1.281966665652003599e+02
1.530930000000000008e-03 1.231417798625655422e+02
1.544239999999999892e-03 1.182207921802009878e+02
1.557549999999999994e-03 1.134272137448926969e+02
1.570860000000000095e-03 1.087593334226244366e+02
1.584169999999999979e-03 1.042152286936136818e+02
1.597490000000000021e-03 9.979103599210557718e+01
1.610799999999999906e-03 9.549195650621538789e+01
1.624110000000000007e-03 9.131483449851788237e+01
1.637420000000000108e-03 8.725846983421720893e+01
1.650739999999999933e-03 8.332036080308257908e+01
1.664050000000000034e-03 7.950526182448187740e+01
1.677359999999999919e-03 7.581069299355260682e+01
1.690670000000000020e-03 7.223542634047539934e+01
1.703990000000000062e-03 6.877717590067653930e+01
1.717299999999999946e-03 6.543975201949214693e+01
1.730610000000000048e-03 6.222059284999365047e+01
1.743919999999999932e-03 5.911811026535747260e+01
1.757239999999999974e-03 5.612965308303352430e+01
1.770550000000000075e-03 5.325781925980785303e+01
1.783859999999999960e-03 5.049935207495503420e+01
1.797170000000000061e-03 4.785199424211640462e+01
1.810490000000000103e-03 4.531208234871696305e+01
1.823799999999999987e-03 4.288075070765574992e+01
1.837110000000000088e-03 4.055365586015460622e+01
1.850419999999999973e-03 3.832774383160263199e+01
1.863730000000000074e-03 3.620010052303013026e+01
1.877049999999999899e-03 3.416597801238889076e+01
1.890360000000000000e-03 3.222536102113406997e+01
1.903670000000000102e-03 3.037357859150565176e+01
1.916979999999999986e-03 2.860780463738718993e+01
1.930300000000000028e-03 2.692388979033603746e+01
1.943609999999999912e-03 2.532200260870160946e+01
1.956920000000000014e-03 2.379835069608694198e+01
1.970229999999999898e-03 2.235099798106539737e+01
1.983550000000000157e-03 2.097668678008496457e+01
1.996860000000000041e-03 1.967567645865739578e+01
2.010169999999999926e-03 1.844486460426131202e+01
2.023479999999999810e-03 1.728217747510570490e+01
2.036800000000000069e-03 1.618461766255344969e+01
2.050109999999999953e-03 1.515119515326778021e+01
2.063419999999999838e-03 1.417864774160304542e+01
2.076730000000000156e-03 1.326365956764956167e+01
2.090049999999999981e-03 1.240283198313396618e+01
2.103359999999999865e-03 1.159362654756214717e+01
2.116670000000000183e-03 1.083244369866495660e+01
2.129980000000000068e-03 1.011531007895046308e+01
2.143299999999999893e-03 9.438755511276085031e+00
2.156610000000000211e-03 8.800093112291310860e+00
2.169920000000000095e-03 8.196122877989582278e+00
2.183229999999999980e-03 7.623750145073493911e+00
2.196539999999999864e-03 7.080732383525957019e+00
2.209860000000000123e-03 6.564395927558186905e+00
2.223170000000000007e-03 6.073815286500703792e+00
2.236479999999999892e-03 5.607131569778634805e+00
2.249790000000000210e-03 5.163180476132607666e+00
2.263110000000000035e-03 4.740836683371967730e+00
2.276419999999999919e-03 4.340013048491987213e+00
2.289729999999999804e-03 3.960040446250782775e+00
2.303040000000000122e-03 3.600498252413609546e+00
2.316359999999999947e-03 3.261008509507052899e+00
2.329669999999999831e-03 2.941808862442874872e+00
2.342980000000000149e-03 2.642570998374212277e+00
2.356290000000000034e-03 2.363039580756810754e+00
2.369609999999999859e-03 2.102852942425239569e+00
2.382920000000000177e-03 1.862065234076620834e+00
2.396230000000000061e-03 1.640147822366451846e+00
2.409539999999999946e-03 1.436621255582593237e+00
2.422860000000000204e-03 1.250806269699048734e+00
2.436170000000000089e-03 1.082333777734068025e+00
2.449479999999999973e-03 9.303338706354037368e-01
2.462789999999999858e-03 7.939967915139451993e-01
2.476100000000000176e-03 6.724359066952970698e-01
2.489420000000000001e-03 5.646395215029411663e-01
2.502729999999999885e-03 4.697828473478952716e-01
2.516040000000000203e-03 3.867911470990608169e-01
2.529350000000000088e-03 3.146493964094986828e-01
2.542669999999999913e-03 2.523057199103759252e-01
2.555979999999999797e-03 1.988774374032669656e-01
2.569290000000000115e-03 1.533596749257750691e-01
2.582600000000000000e-03 1.148656799647909399e-01
2.595919999999999825e-03 8.250061881402069586e-02
2.609230000000000143e-03 5.554692219811060289e-02
2.622540000000000027e-03 3.322846390147514428e-02
2.635849999999999912e-03 1.497284632690344328e-02
2.649170000000000171e-03 0.000000000000000000e+00
