1.331239999999999980e-05 1.092922285679705055e+03
2.662479999999999960e-05 1.083565004641789301e+03
3.993720000000000110e-05 1.077264263457482912e+03
5.324959999999999920e-05 1.072099807419567014e+03
6.656200000000000408e-05 1.067489407901927279e+03
7.987440000000000219e-05 1.063173793530678040e+03
9.318669999999999330e-05 1.059011167642935561e+03
1.064989999999999980e-04 1.054915467753080520e+03
1.198119999999999974e-04 1.050827107668569624e+03
1.331240000000000082e-04 1.046704812721993676e+03
1.464360000000000054e-04 1.042514589935492722e+03
1.597489999999999913e-04 1.038230015292897633e+03
1.730609999999999885e-04 1.033828483024290790e+03
1.863730000000000128e-04 1.029290022617748718e+03
1.996859999999999987e-04 1.024596271577734115e+03
2.129979999999999959e-04 1.019731459669787796e+03
2.263110000000000089e-04 1.014680190598838067e+03
2.396230000000000061e-04 1.009428801451765480e+03
2.529349999999999763e-04 1.003965137323074259e+03
2.662480000000000163e-04 9.982762835349851684e+02
2.795599999999999865e-04 9.923544077559171228e+02
2.928730000000000265e-04 9.861882452223802602e+02
3.061849999999999967e-04 9.797732986460227949e+02
3.194970000000000210e-04 9.731014223125291664e+02
3.328100000000000069e-04 9.661698996751333652e+02
3.461219999999999770e-04 9.589752980832533922e+02
3.594350000000000171e-04 9.515172055754409257e+02
3.727469999999999872e-04 9.437956481407730962e+02
3.860590000000000115e-04 9.358132832175724616e+02
3.993719999999999974e-04 9.275716237287600734e+02
4.126840000000000217e-04 9.190772330951512004e+02
4.259970000000000076e-04 9.103337224887749244e+02
4.393089999999999777e-04 9.013492322231007847e+02
4.526210000000000021e-04 8.921302694303443559e+02
4.659339999999999879e-04 8.826840122580451862e+02
4.792460000000000123e-04 8.730208413434272643e+02
4.925590000000000523e-04 8.631477484047019288e+02
5.058709999999999683e-04 8.530766800081131578e+02
5.191829999999999926e-04 8.428155593715891882e+02
5.324960000000000327e-04 8.323752866483201842e+02
5.458079999999999486e-04 8.217663212766863126e+02
5.591199999999999729e-04 8.110005275593036913e+02
5.724330000000000130e-04 8.000861292835235190e+02
5.857450000000000373e-04 7.890384453335715307e+02
5.990579999999999690e-04 7.778648966794944499e+02
6.123699999999999933e-04 7.665818801530546125e+02
6.256820000000000177e-04 7.551975580703698370e+02
6.389949999999999493e-04 7.437268128582238660e+02
6.523069999999999737e-04 7.321802755072441187e+02
6.656200000000000137e-04 7.205727104298397308e+02
6.789320000000000381e-04 7.089145954033069756e+02
6.922439999999999540e-04 6.972221113230082210e+02
7.055569999999999941e-04 6.855026954727860584e+02
7.188690000000000184e-04 6.737754282034183007e+02
7.321819999999999501e-04 6.620461800825737555e+02
7.454939999999999744e-04 6.503339242723482130e+02
7.588059999999999987e-04 6.386444677695037626e+02
7.721190000000000388e-04 6.269935586341180169e+02
7.854309999999999547e-04 6.153885315409123677e+02
7.987439999999999948e-04 6.038431674654329981e+02
8.120560000000000191e-04 5.923635292952368445e+02
8.253680000000000435e-04 5.809627753212167818e+02
8.386809999999999751e-04 5.696430620722227331e+02
8.519929999999999995e-04 5.584184150149571906e+02
8.653050000000000238e-04 5.472896066700637903e+02
8.786179999999999555e-04 5.362663455882932340e+02
8.919299999999999798e-04 5.253506750862622994e+02
9.052430000000000199e-04 5.145496679152964816e+02
9.185550000000000442e-04 5.038641731774830532e+02
9.318669999999999601e-04 4.933002921809931536e+02
9.451800000000000002e-04 4.828553588567316410e+02
9.584920000000000245e-04 4.725360382804148003e+02
9.718049999999999562e-04 4.623378038552210683e+02
9.851169999999999805e-04 4.522652668798785385e+02
9.984289999999998964e-04 4.423135491819799654e+02
1.011739999999999905e-03 4.324842745200517697e+02
1.025050000000000006e-03 4.227722123621153401e+02
1.038370000000000048e-03 4.131680669657898761e+02
1.051679999999999933e-03 4.036801140651004403e+02
1.064990000000000034e-03 3.942976854618115681e+02
1.078299999999999918e-03 3.850140748268480024e+02
1.091619999999999960e-03 3.758177624832239871e+02
1.104930000000000061e-03 3.667158531129213657e+02
1.118239999999999946e-03 3.576967230745708548e+02
1.131550000000000047e-03 3.487544080180902029e+02
1.144870000000000089e-03 3.398791715933830346e+02
1.158179999999999973e-03 3.310797913917332380e+02
1.171490000000000075e-03 3.223495176383645457e+02
1.184799999999999959e-03 3.136857590278168004e+02
1.198120000000000001e-03 3.050861551999161634e+02
1.211430000000000102e-03 2.965629876746681362e+02
1.224739999999999987e-03 2.881176734268814812e+02
1.238050000000000088e-03 2.797528806109708626e+02
1.251359999999999972e-03 2.714834420913842905e+02
1.264680000000000014e-03 2.632993745237189387e+02
1.277989999999999899e-03 2.552292895208564971e+02
1.291300000000000000e-03 2.472732835118076480e+02
1.304610000000000101e-03 2.394435462763680107e+02
1.317929999999999926e-03 2.317384960859093326e+02
1.331240000000000027e-03 2.241811235528795692e+02
1.344549999999999912e-03 2.167686823121876785e+02
1.357860000000000013e-03 2.095096022062358259e+02
1.371180000000000055e-03 2.023998345222522346e+02
1.384489999999999939e-03 1.954546783290925305e+02
1.397800000000000041e-03 1.886681878900433276e+02
1.411109999999999925e-03 1.820412210477736892e+02
1.424429999999999967e-03 1.755667015739929582e+02
1.437740000000000068e-03 1.692521304033727745e+02
1.451049999999999953e-03 1.630893092347337188e+02
1.464360000000000054e-03 1.570741430923898747e+02
1.477680000000000096e-03 1.511984629259785322e+02
1.490989999999999980e-03 1.454665060378922874e+02
1.504300000000000082e-03 1.398703144043393252e+02
1.517609999999999966e-03 1.344061191773093924e+02
1.530930000000000008e-03 1.290671397122672488e+02
1.544239999999999892e-03 1.238594309986506090e+02
1.557549999999999994e-03 1.187773107664377221e+02
1.570860000000000095e-03 1.138210987847430857e+02
1.584169999999999979e-03 1.089903039513810370e+02
1.597490000000000021e-03 1.042839717352930933e+02
1.610799999999999906e-03 9.970962143611819783e+01
1.624110000000000007e-03 9.526794883077324982e+01
1.637420000000000108e-03 9.095993764014480121e+01
1.650739999999999933e-03 8.678735605605345427e+01
1.664050000000000034e-03 8.275745480699997358e+01
1.677359999999999919e-03 7.887148191414452469e+01
1.690670000000000020e-03 7.512985084194062324e+01
1.703990000000000062e-03 7.153265719980214499e+01
1.717299999999999946e-03 6.808467451718910013e+01
1.730610000000000048e-03 6.478364824399270105e+01
1.743919999999999932e-03 6.162762313742403819e+01
1.757239999999999974e-03 5.861212971779604430e+01
1.770550000000000075e-03 5.573835373094379975e+01
1.783859999999999960e-03 5.299941014629700220e+01
1.797170000000000061e-03 5.039076376729489937e+01
1.810490000000000103e-03 4.790409923760539357e+01
1.823799999999999987e-03 4.553778624391016905e+01
1.837110000000000088e-03 4.328258268184219304e+01
1.850419999999999973e-03 4.113277106693637819e+01
1.863730000000000074e-03 3.908090587571953733e+01
1.877049999999999899e-03 3.711995964703003636e+01
1.890360000000000000e-03 3.524606420546356134e+01
1.903670000000000102e-03 3.345278203407362838e+01
1.916979999999999986e-03 3.173441085452406440e+01
1.930300000000000028e-03 3.008553205904692618e+01
1.943609999999999912e-03 2.850422987036277078e+01
1.956920000000000014e-03 2.698594892227604447e+01
1.970229999999999898e-03 2.552751097432057037e+01
1.983550000000000157e-03 2.412531782351807053e+01
1.996860000000000041e-03 2.277923138798313474e+01
2.010169999999999926e-03 2.148627077624074388e+01
2.023479999999999810e-03 2.024480681862268483e+01
2.036800000000000069e-03 1.905240227137171516e+01
2.050109999999999953e-03 1.790953841630726018e+01
2.063419999999999838e-03 1.681401474074700175e+01
2.076730000000000156e-03 1.576463220349324423e+01
2.090049999999999981e-03 1.475943478331701897e+01
2.103359999999999865e-03 1.379877222053099217e+01
2.116670000000000183e-03 1.288075466511800116e+01
2.129980000000000068e-03 1.200425994365674143e+01
2.143299999999999893e-03 1.116759487437988874e+01
2.156610000000000211e-03 1.037098917931988140e+01
2.169920000000000095e-03 9.612855607602110553e+00
2.183229999999999980e-03 8.892301686978472119e+00
2.196539999999999864e-03 8.208489641435999573e+00
2.209860000000000123e-03 7.560188253669264391e+00
2.223170000000000007e-03 6.947633190335877451e+00
2.236479999999999892e-03 6.369702254841004496e+00
2.249790000000000210e-03 5.825710863900226855e+00
2.263110000000000035e-03 5.314644947531993679e+00
2.276419999999999919e-03 4.836572029186998023e+00
2.289729999999999804e-03 4.390377820907421125e+00
2.303040000000000122e-03 3.975270023116026064e+00
2.316359999999999947e-03 3.590025098739280551e+00
2.329669999999999831e-03 3.234272918573033895e+00
2.342980000000000149e-03 2.906550988332605279e+00
2.356290000000000034e-03 2.605719551507758691e+00
2.369609999999999859e-03 2.330161648311258826e+00
2.382920000000000177e-03 2.078970338331937562e+00
2.396230000000000061e-03 1.850366590250880794e+00
2.409539999999999946e-03 1.642896966813765181e+00
2.422860000000000204e-03 1.454779580313599441e+00
2.436170000000000089e-03 1.284789440769099178e+00
2.449479999999999973e-03 1.131197712457675753e+00
2.462789999999999858e-03 9.925302773395383582e-01
2.476100000000000176e-03 8.673454331622217905e-01
2.489420000000000001e-03 7.542087214969546149e-01
2.502729999999999885e-03 6.520579434651814221e-01
2.516040000000000203e-03 5.596496866360911593e-01
2.529350000000000088e-03 4.759943915038189477e-01
2.542669999999999913e-03 4.000925623164764966e-01
2.555979999999999797e-03 3.313062310037653835e-01
2.569290000000000115e-03 2.688536483759944584e-01
2.582600000000000000e-03 2.121860289061580085e-01
2.595919999999999825e-03 1.607276645286984662e-01
2.609230000000000143e-03 1.141586312424015537e-01
2.622540000000000027e-03 7.204891714709979467e-02
2.635849999999999912e-03 3.412705240622564140e-02
2.649170000000000171e-03 0.000000000000000000e+00
