1.331239999999999980e-05 9.024709547723106198e+02
2.662479999999999960e-05 9.014906422790543274e+02
3.993720000000000110e-05 9.007310736611992752e+02
5.324959999999999920e-05 9.000241136679433112e+02
6.656200000000000408e-05 8.993113372167549642e+02
7.987440000000000219e-05 8.985629148346099555e+02
9.318669999999999330e-05 8.977565705656335240e+02
1.064989999999999980e-04 8.968759979873716475e+02
1.198119999999999974e-04 8.959049358705963186e+02
1.331240000000000082e-04 8.948297183866560545e+02
1.464360000000000054e-04 8.936359819517506367e+02
1.597489999999999913e-04 8.923102514372349106e+02
1.730609999999999885e-04 8.908398620347218184e+02
1.863730000000000128e-04 8.892115265327992120e+02
1.996859999999999987e-04 8.874140391154736562e+02
2.129979999999999959e-04 8.854351537674799602e+02
2.263110000000000089e-04 8.832657685049529164e+02
2.396230000000000061e-04 8.808950522851880578e+02
2.529349999999999763e-04 8.783166599294544312e+02
2.662480000000000163e-04 8.755211988365051639e+02
2.795599999999999865e-04 8.725056750755691155e+02
2.928730000000000265e-04 8.692627581662719649e+02
3.061849999999999967e-04 8.657920631953746806e+02
3.194970000000000210e-04 8.620888340750788075e+02
3.328100000000000069e-04 8.581539355285733564e+02
3.461219999999999770e-04 8.539855771834185134e+02
3.594350000000000171e-04 8.495856404793157708e+02
3.727469999999999872e-04 8.449539695005051954e+02
3.860590000000000115e-04 8.400934370169283056e+02
3.993719999999999974e-04 8.350037449516039487e+02
4.126840000000000217e-04 8.296890910562871113e+02
4.259970000000000076e-04 8.241489962087669028e+02
4.393089999999999777e-04 8.183875399081272235e+02
4.526210000000000021e-04 8.124044530470141581e+02
4.659339999999999879e-04 8.062021799556822543e+02
4.792460000000000123e-04 7.997815292703969590e+02
4.925590000000000523e-04 7.931441564270064646e+02
5.058709999999999683e-04 7.862907779011554794e+02
5.191829999999999926e-04 7.792236476707653310e+02
5.324960000000000327e-04 7.719422115036082914e+02
5.458079999999999486e-04 7.644509355440332001e+02
5.591199999999999729e-04 7.567502450496277788e+02
5.724330000000000130e-04 7.488440200828316620e+02
5.857450000000000373e-04 7.407363414625771156e+02
5.990579999999999690e-04 7.324318810233874046e+02
6.123699999999999933e-04 7.239374694082890755e+02
6.256820000000000177e-04 7.152598722567981895e+02
6.389949999999999493e-04 7.064070165600394375e+02
6.523069999999999737e-04 6.973890116834382980e+02
6.656200000000000137e-04 6.882157593471119981e+02
6.789320000000000381e-04 6.788982044648331566e+02
6.922439999999999540e-04 6.694488317522766465e+02
7.055569999999999941e-04 6.598764574039088302e+02
7.188690000000000184e-04 6.501964136180313290e+02
7.321819999999999501e-04 6.404159789519023889e+02
7.454939999999999744e-04 6.305499770930433669e+02
7.588059999999999987e-04 6.206050655428857681e+02
7.721190000000000388e-04 6.105924307297767655e+02
7.854309999999999547e-04 6.005195895471372296e+02
7.987439999999999948e-04 5.903952871984637341e+02
8.120560000000000191e-04 5.802259757610327142e+02
8.253680000000000435e-04 5.700199857080610855e+02
8.386809999999999751e-04 5.597810474476835907e+02
8.519929999999999995e-04 5.495196689506694838e+02
8.653050000000000238e-04 5.392397364395152408e+02
8.786179999999999555e-04 5.289504721039372725e+02
8.919299999999999798e-04 5.186586874819079185e+02
9.052430000000000199e-04 5.083746175171616528e+02
9.185550000000000442e-04 4.981057421485219834e+02
9.318669999999999601e-04 4.878648762691737488e+02
9.451800000000000002e-04 4.776574928178930577e+02
9.584920000000000245e-04 4.674998095578967536e+02
9.718049999999999562e-04 4.573961314207749638e+02
9.851169999999999805e-04 4.473623926324915487e+02
9.984289999999998964e-04 4.374025130738281746e+02
1.011739999999999905e-03 4.275298151460447116e+02
1.025050000000000006e-03 4.177471924505791776e+02
1.038370000000000048e-03 4.080562004791850086e+02
1.051679999999999933e-03 3.984723021149714555e+02
1.064990000000000034e-03 3.889940947875528536e+02
1.078299999999999918e-03 3.796206421861427884e+02
1.091619999999999960e-03 3.703476786821067321e+02
1.104930000000000061e-03 3.611868406165739884e+02
1.118239999999999946e-03 3.521315207913120844e+02
1.131550000000000047e-03 3.431788059201255123e+02
1.144870000000000089e-03 3.343216134557724786e+02
1.158179999999999973e-03 3.255704814833950422e+02
1.171490000000000075e-03 3.169189432195552740e+02
1.184799999999999959e-03 3.083641567737464015e+02
1.198120000000000001e-03 2.999009190390131039e+02
1.211430000000000102e-03 2.915414958097143767e+02
1.224739999999999987e-03 2.832813971700156799e+02
1.238050000000000088e-03 2.751208102339846278e+02
1.251359999999999972e-03 2.670631563704803284e+02
1.264680000000000014e-03 2.591031911513151158e+02
1.277989999999999899e-03 2.512572191394094716e+02
1.291300000000000000e-03 2.435202052847454581e+02
1.304610000000000101e-03 2.358968987228407741e+02
1.317929999999999926e-03 2.283826595264174273e+02
1.331240000000000027e-03 2.209935229889884454e+02
1.344549999999999912e-03 2.137247174900166726e+02
1.357860000000000013e-03 2.065808289457717422e+02
1.371180000000000055e-03 1.995573727916450935e+02
1.384489999999999939e-03 1.926692875618534231e+02
1.397800000000000041e-03 1.859119516202263469e+02
1.411109999999999925e-03 1.792896232579252569e+02
1.424429999999999967e-03 1.727980059455893525e+02
1.437740000000000068e-03 1.664509400796666512e+02
1.451049999999999953e-03 1.602439683458100035e+02
1.464360000000000054e-03 1.541808454823631962e+02
1.477680000000000096e-03 1.482573544645432548e+02
1.490989999999999980e-03 1.424855455422627983e+02
1.504300000000000082e-03 1.368608722634161836e+02
1.517609999999999966e-03 1.313856573325254828e+02
1.530930000000000008e-03 1.260553875089889431e+02
1.544239999999999892e-03 1.208794201458890711e+02
1.557549999999999994e-03 1.158528053561395694e+02
1.570860000000000095e-03 1.109759536400165558e+02
1.584169999999999979e-03 1.062475671094961740e+02
1.597490000000000021e-03 1.016639651458721971e+02
1.610799999999999906e-03 9.723043747616108590e+01
1.624110000000000007e-03 9.294305435174061358e+01
1.637420000000000108e-03 8.880007847147915356e+01
1.650739999999999933e-03 8.479804842328542236e+01
1.664050000000000034e-03 8.094122803170547797e+01
1.677359999999999919e-03 7.722631484429224713e+01
1.690670000000000020e-03 7.365156367995209052e+01
1.703990000000000062e-03 7.021410709289723684e+01
1.717299999999999946e-03 6.691726242005739778e+01
1.730610000000000048e-03 6.375783565572024969e+01
1.743919999999999932e-03 6.073368309757058370e+01
1.757239999999999974e-03 5.784120276481905876e+01
1.770550000000000075e-03 5.508207014676513325e+01
1.783859999999999960e-03 5.245147059858852856e+01
1.797170000000000061e-03 4.994603607604115325e+01
1.810490000000000103e-03 4.755987494004153859e+01
1.823799999999999987e-03 4.529245259407634450e+01
1.837110000000000088e-03 4.313649687717265380e+01
1.850419999999999973e-03 4.108719466235316986e+01
1.863730000000000074e-03 3.913798725122645550e+01
1.877049999999999899e-03 3.728226646746310990e+01
1.890360000000000000e-03 3.551566482746416398e+01
1.903670000000000102e-03 3.383150936922645968e+01
1.916979999999999986e-03 3.222272468553314440e+01
1.930300000000000028e-03 3.068314537200085468e+01
1.943609999999999912e-03 2.920874371813497561e+01
1.956920000000000014e-03 2.779394500062923612e+01
1.970229999999999898e-03 2.643364476768594429e+01
1.983550000000000157e-03 2.512328276353782996e+01
1.996860000000000041e-03 2.386121591565371247e+01
2.010169999999999926e-03 2.264385331735294571e+01
2.023479999999999810e-03 2.146906560782406004e+01
2.036800000000000069e-03 2.033431178149185925e+01
2.050109999999999953e-03 1.924039192833606648e+01
2.063419999999999838e-03 1.818551271518995094e+01
2.076730000000000156e-03 1.716954269736048033e+01
2.090049999999999981e-03 1.619127851861319201e+01
2.103359999999999865e-03 1.525231828213525986e+01
2.116670000000000183e-03 1.435160958227415939e+01
2.129980000000000068e-03 1.348907675979089760e+01
2.143299999999999893e-03 1.266366889661754591e+01
2.156610000000000211e-03 1.187602138534643714e+01
2.169920000000000095e-03 1.112478744913684459e+01
2.183229999999999980e-03 1.040872995357104536e+01
2.196539999999999864e-03 9.726748799383621247e+00
2.209860000000000123e-03 9.076625050298657627e+00
2.223170000000000007e-03 8.457907980855910779e+00
2.236479999999999892e-03 7.868164011986400475e+00
2.249790000000000210e-03 7.305831583487499614e+00
2.263110000000000035e-03 6.768675990193628422e+00
2.276419999999999919e-03 6.256034242952098090e+00
2.289729999999999804e-03 5.766115699434540609e+00
2.303040000000000122e-03 5.297757548100126002e+00
2.316359999999999947e-03 4.849868793183468973e+00
2.329669999999999831e-03 4.422404167912490358e+00
2.342980000000000149e-03 4.014930159100090101e+00
2.356290000000000034e-03 3.627189887911480337e+00
2.369609999999999859e-03 3.259309736750407360e+00
2.382920000000000177e-03 2.911935300707480412e+00
2.396230000000000061e-03 2.585420522008242017e+00
2.409539999999999946e-03 2.280006568337158868e+00
2.422860000000000204e-03 1.996017697881415476e+00
2.436170000000000089e-03 1.734030085789652897e+00
2.449479999999999973e-03 1.494022307281544393e+00
2.462789999999999858e-03 1.275847253391991121e+00
2.476100000000000176e-03 1.079195175074126878e+00
2.489420000000000001e-03 9.033817897539365704e-01
2.502729999999999885e-03 7.478388679476291045e-01
2.516040000000000203e-03 6.114751024777091981e-01
2.529350000000000088e-03 4.930458413908230253e-01
2.542669999999999913e-03 3.911818877731433886e-01
2.555979999999999797e-03 3.045580459396786677e-01
2.569290000000000115e-03 2.316236990788802796e-01
2.582600000000000000e-03 1.708577401584070177e-01
2.595919999999999825e-03 1.207231652704345015e-01
2.609230000000000143e-03 7.988882446350423217e-02
2.622540000000000027e-03 4.693752567864410002e-02
2.635849999999999912e-03 2.079392008213498330e-02
2.649170000000000171e-03 0.000000000000000000e+00
