1.331239999999999980e-05 1.038824560150759680e+03
2.662479999999999960e-05 1.034151435823506063e+03
3.993720000000000110e-05 1.030758721261870505e+03
5.324959999999999920e-05 1.027784461934617184e+03
6.656200000000000408e-05 1.024958662372981735e+03
7.987440000000000219e-05 1.022155063601283928e+03
9.318669999999999330e-05 1.019301494256190040e+03
1.064989999999999980e-04 1.016348970232623401e+03
1.198119999999999974e-04 1.013264031489846161e+03
1.331240000000000082e-04 1.010018601732526008e+03
1.464360000000000054e-04 1.006593382947723967e+03
1.597489999999999913e-04 1.002968152626969982e+03
1.730609999999999885e-04 9.991321729862114580e+02
1.863730000000000128e-04 9.950702490061911476e+02
1.996859999999999987e-04 9.907761804235479985e+02
2.129979999999999959e-04 9.862396628300413113e+02
2.263110000000000089e-04 9.814583066735445982e+02
2.396230000000000061e-04 9.764253812276579083e+02
2.529349999999999763e-04 9.711421783819156417e+02
2.662480000000000163e-04 9.656040081176495278e+02
2.795599999999999865e-04 9.598161263844228870e+02
2.928730000000000265e-04 9.537761295626215770e+02
3.061849999999999967e-04 9.474915517870813346e+02
3.194970000000000210e-04 9.409628940276305684e+02
3.328100000000000069e-04 9.341980780538535782e+02
3.461219999999999770e-04 9.272012756643235889e+02
3.594350000000000171e-04 9.199811557647124118e+02
3.727469999999999872e-04 9.125441581714546828e+02
3.860590000000000115e-04 9.049004507679971994e+02
3.993719999999999974e-04 8.970566362487635388e+02
4.126840000000000217e-04 8.890253965538598777e+02
4.259970000000000076e-04 8.808142187446190974e+02
4.393089999999999777e-04 8.724361681267212134e+02
4.526210000000000021e-04 8.639003717940410070e+02
4.659339999999999879e-04 8.552177119137820682e+02
4.792460000000000123e-04 8.463996297520303642e+02
4.925590000000000523e-04 8.374552992599545860e+02
5.058709999999999683e-04 8.283956374491735914e+02
5.191829999999999926e-04 8.192288431847844095e+02
5.324960000000000327e-04 8.099622850553095077e+02
5.458079999999999486e-04 8.006042322002015226e+02
5.591199999999999729e-04 7.911597061369376434e+02
5.724330000000000130e-04 7.816327852085935319e+02
5.857450000000000373e-04 7.720279644885440575e+02
5.990579999999999690e-04 7.623467298756057744e+02
6.123699999999999933e-04 7.525911751882384806e+02
6.256820000000000177e-04 7.427621111928149276e+02
6.389949999999999493e-04 7.328575867075792303e+02
6.523069999999999737e-04 7.228799757787949147e+02
6.656200000000000137e-04 7.128255859852079084e+02
6.789320000000000381e-04 7.026968349759691819e+02
6.922439999999999540e-04 6.924907859079621630e+02
7.055569999999999941e-04 6.822080830940801661e+02
7.188690000000000184e-04 6.718490308058759410e+02
7.321819999999999501e-04 6.614144030863401440e+02
7.454939999999999744e-04 6.509061484867189620e+02
7.588059999999999987e-04 6.403270106915365432e+02
7.721190000000000388e-04 6.296787621048405299e+02
7.854309999999999547e-04 6.189678952567533088e+02
7.987439999999999948e-04 6.081979437186896575e+02
8.120560000000000191e-04 5.973768777337141955e+02
8.253680000000000435e-04 5.865118492591963104e+02
8.386809999999999751e-04 5.756097507508339959e+02
8.519929999999999995e-04 5.646831428761578309e+02
8.653050000000000238e-04 5.537399861560459158e+02
8.786179999999999555e-04 5.427930402590561698e+02
8.919299999999999798e-04 5.318534041166693669e+02
9.052430000000000199e-04 5.209349561792267878e+02
9.185550000000000442e-04 5.100488942100414533e+02
9.318669999999999601e-04 4.992106953889505689e+02
9.451800000000000002e-04 4.884284908994089847e+02
9.584920000000000245e-04 4.777196334922980441e+02
9.718049999999999562e-04 4.670900587427143478e+02
9.851169999999999805e-04 4.565550919891824151e+02
9.984289999999998964e-04 4.461194931160771375e+02
1.011739999999999905e-03 4.357944811926661259e+02
1.025050000000000006e-03 4.255831873758281176e+02
1.038370000000000048e-03 4.154834327332360999e+02
1.051679999999999933e-03 4.055119858666890309e+02
1.064990000000000034e-03 3.956640076473786394e+02
1.078299999999999918e-03 3.859363208837102661e+02
1.091619999999999960e-03 3.763228173318390759e+02
1.104930000000000061e-03 3.668326385121941939e+02
1.118239999999999946e-03 3.574569788906895269e+02
1.131550000000000047e-03 3.481908117383661647e+02
1.144870000000000089e-03 3.390251181007517971e+02
1.158179999999999973e-03 3.299671495120168743e+02
1.171490000000000075e-03 3.210095041904532991e+02
1.184799999999999959e-03 3.121469376588302111e+02
1.198120000000000001e-03 3.033747546225381484e+02
1.211430000000000102e-03 2.947024187263663748e+02
1.224739999999999987e-03 2.861287755956328738e+02
1.238050000000000088e-03 2.776517524909635881e+02
1.251359999999999972e-03 2.692789511717830919e+02
1.264680000000000014e-03 2.610073558827393754e+02
1.277989999999999899e-03 2.528586724269432864e+02
1.291300000000000000e-03 2.448303876278064592e+02
1.304610000000000101e-03 2.369341440123929772e+02
1.317929999999999926e-03 2.291682798594771384e+02
1.331240000000000027e-03 2.215563915441726124e+02
1.344549999999999912e-03 2.140962340531750385e+02
1.357860000000000013e-03 2.067982255544380621e+02
1.371180000000000055e-03 1.996593502880359381e+02
1.384489999999999939e-03 1.926977317629149411e+02
1.397800000000000041e-03 1.859085967991808559e+02
1.411109999999999925e-03 1.792955507466215863e+02
1.424429999999999967e-03 1.728525254835885221e+02
1.437740000000000068e-03 1.665889820097451945e+02
1.451049999999999953e-03 1.604972179498334413e+02
1.464360000000000054e-03 1.545739278212773229e+02
1.477680000000000096e-03 1.488108215999733943e+02
1.490989999999999980e-03 1.432113162901400756e+02
1.504300000000000082e-03 1.377666403436064400e+02
1.517609999999999966e-03 1.324709651104985824e+02
1.530930000000000008e-03 1.273161295215802227e+02
1.544239999999999892e-03 1.223046365474769175e+02
1.557549999999999994e-03 1.174289589477041318e+02
1.570860000000000095e-03 1.126852684544161889e+02
1.584169999999999979e-03 1.080708288648956028e+02
1.597490000000000021e-03 1.035803116727277171e+02
1.610799999999999906e-03 9.921862075394146530e+01
1.624110000000000007e-03 9.498222092154047402e+01
1.637420000000000108e-03 9.087004508724275809e+01
1.650739999999999933e-03 8.688028027128621034e+01
1.664050000000000034e-03 8.301833998095170841e+01
1.677359999999999919e-03 7.928307094453771242e+01
1.690670000000000020e-03 7.567404642558692274e+01
1.703990000000000062e-03 7.219038763148462579e+01
1.717299999999999946e-03 6.883667613135052932e+01
1.730610000000000048e-03 6.561125853286296206e+01
1.743919999999999932e-03 6.251293531468317610e+01
1.757239999999999974e-03 5.953912667715282225e+01
1.770550000000000075e-03 5.669232236967037153e+01
1.783859999999999960e-03 5.396837567821420834e+01
1.797170000000000061e-03 5.136444029000144695e+01
1.810490000000000103e-03 4.887510658273362196e+01
1.823799999999999987e-03 4.650043866420542571e+01
1.837110000000000088e-03 4.423369054857313643e+01
1.850419999999999973e-03 4.207052067560525188e+01
1.863730000000000074e-03 4.000513024736871870e+01
1.877049999999999899e-03 3.803137477260608534e+01
1.890360000000000000e-03 3.614601685576392498e+01
1.903670000000000102e-03 3.434293773888638412e+01
1.916979999999999986e-03 3.261614089297821550e+01
1.930300000000000028e-03 3.096004830248617168e+01
1.943609999999999912e-03 2.937185602826233577e+01
1.956920000000000014e-03 2.784655113885524358e+01
1.970229999999999898e-03 2.637985913479949573e+01
1.983550000000000157e-03 2.496763339518314950e+01
1.996860000000000041e-03 2.360885192075246408e+01
2.010169999999999926e-03 2.230010096699071198e+01
2.023479999999999810e-03 2.103929241463780642e+01
2.036800000000000069e-03 1.982381957989645471e+01
2.050109999999999953e-03 1.865428035461126299e+01
2.063419999999999838e-03 1.752863442664250115e+01
2.076730000000000156e-03 1.644626680669929897e+01
2.090049999999999981e-03 1.540568214373811173e+01
2.103359999999999865e-03 1.440821528454863909e+01
2.116670000000000183e-03 1.345263220787627567e+01
2.129980000000000068e-03 1.253891034915216629e+01
2.143299999999999893e-03 1.166607251583295479e+01
2.156610000000000211e-03 1.083542600977636461e+01
2.169920000000000095e-03 1.004604330456109373e+01
2.183229999999999980e-03 9.297781819090387145e+00
2.196539999999999864e-03 8.590310327939848278e+00
2.209860000000000123e-03 7.922755403923051887e+00
2.223170000000000007e-03 7.295608170780626622e+00
2.236479999999999892e-03 6.707680347098457396e+00
2.249790000000000210e-03 6.158207265084972626e+00
2.263110000000000035e-03 5.645714241990231308e+00
2.276419999999999919e-03 5.169912786866373011e+00
2.289729999999999804e-03 4.728916952987687772e+00
2.303040000000000122e-03 4.321363240322996013e+00
2.316359999999999947e-03 3.945094108238611508e+00
2.329669999999999831e-03 3.599041035908079333e+00
2.342980000000000149e-03 3.280794303705254489e+00
2.356290000000000034e-03 2.988530083232872503e+00
2.369609999999999859e-03 2.719817255829477975e+00
2.382920000000000177e-03 2.473160556105487462e+00
2.396230000000000061e-03 2.246211040182235052e+00
2.409539999999999946e-03 2.037127221873905825e+00
2.422860000000000204e-03 1.843852912462635718e+00
2.436170000000000089e-03 1.665020520170158003e+00
2.449479999999999973e-03 1.498935034610483275e+00
2.462789999999999858e-03 1.344220009918482894e+00
2.476100000000000176e-03 1.199738666775846729e+00
2.489420000000000001e-03 1.064354239562223636e+00
2.502729999999999885e-03 9.375334554110079655e-01
2.516040000000000203e-03 8.184859810014166737e-01
2.529350000000000088e-03 7.068107005457139325e-01
2.542669999999999913e-03 6.020322384872316412e-01
2.555979999999999797e-03 5.041375591272584389e-01
2.569290000000000115e-03 4.128616347400508868e-01
2.582600000000000000e-03 3.281431750255763280e-01
2.595919999999999825e-03 2.498421333328893212e-01
2.609230000000000143e-03 1.780160716151243938e-01
2.622540000000000027e-03 1.125359666605098008e-01
2.635849999999999912e-03 5.326971291979794298e-02
2.649170000000000171e-03 0.000000000000000000e+00
