1.331239999999999980e-05 3.336787537678179660e+01
2.662479999999999960e-05 3.308051059420895967e+01
3.993720000000000110e-05 3.288790904344846666e+01
5.324959999999999920e-05 3.272985076087562106e+01
6.656200000000000408e-05 3.258804631011513919e+01
7.987440000000000219e-05 3.245408366087562513e+01
9.318669999999999330e-05 3.232348660195489742e+01
1.064989999999999980e-04 3.219326798319912086e+01
1.198119999999999974e-04 3.206158179742555348e+01
1.331240000000000082e-04 3.192687207463292864e+01
1.464360000000000054e-04 3.178816111688793811e+01
1.597489999999999913e-04 3.164439840355239397e+01
1.730609999999999885e-04 3.149503214746606972e+01
1.863730000000000128e-04 3.133926554269832820e+01
1.996859999999999987e-04 3.117673394982415047e+01
2.129979999999999959e-04 3.100682696656087245e+01
2.263110000000000089e-04 3.082931319819809701e+01
2.396230000000000061e-04 3.064369386080137758e+01
2.529349999999999763e-04 3.044986799839876213e+01
2.662480000000000163e-04 3.024739174316913548e+01
2.795599999999999865e-04 3.003632082126389236e+01
2.928730000000000265e-04 2.981629426599680244e+01
3.061849999999999967e-04 2.958748617925949276e+01
3.194970000000000210e-04 2.934966565865681787e+01
3.328100000000000069e-04 2.910307401305485087e+01
3.461219999999999770e-04 2.884766979680156496e+01
3.594350000000000171e-04 2.858378903057840503e+01
3.727469999999999872e-04 2.831154205115293010e+01
3.860590000000000115e-04 2.803138634733042522e+01
3.993719999999999974e-04 2.774351960788401072e+01
4.126840000000000217e-04 2.744854486627298229e+01
4.259970000000000076e-04 2.714676674410458546e+01
4.393089999999999777e-04 2.683884210870735032e+01
4.526210000000000021e-04 2.652519486075702559e+01
4.659339999999999879e-04 2.620642530077224919e+01
4.792460000000000123e-04 2.588309035171710093e+01
4.925590000000000523e-04 2.555573859327239816e+01
5.058709999999999683e-04 2.522494255428995302e+01
5.191829999999999926e-04 2.489122377128769870e+01
5.324960000000000327e-04 2.455505181710626061e+01
5.458079999999999486e-04 2.421695455877562608e+01
5.591199999999999729e-04 2.387733223464764265e+01
5.724330000000000130e-04 2.353656104506148239e+01
5.857450000000000373e-04 2.319502725520188591e+01
5.990579999999999690e-04 2.285299456968367338e+01
6.123699999999999933e-04 2.251074468116031468e+01
6.256820000000000177e-04 2.216847754401826265e+01
6.389949999999999493e-04 2.182628332699410478e+01
6.523069999999999737e-04 2.148435860777865969e+01
6.656200000000000137e-04 2.114264826266447272e+01
6.789320000000000381e-04 2.080127699774718408e+01
6.922439999999999540e-04 2.046009928449040771e+01
7.055569999999999941e-04 2.011911337638193231e+01
7.188690000000000184e-04 1.977816220310034723e+01
7.321819999999999501e-04 1.943718695295499543e+01
7.454939999999999744e-04 1.909598409974393718e+01
7.588059999999999987e-04 1.875452400501797001e+01
7.721190000000000388e-04 1.841253089959689859e+01
7.854309999999999547e-04 1.807009078281910419e+01
7.987439999999999948e-04 1.772696540688744449e+01
8.120560000000000191e-04 1.738330782914755446e+01
8.253680000000000435e-04 1.703902208099537674e+01
8.386809999999999751e-04 1.669426479185017698e+01
8.519929999999999995e-04 1.634916930134994217e+01
8.653050000000000238e-04 1.600397323047502596e+01
8.786179999999999555e-04 1.565889162465082052e+01
8.919299999999999798e-04 1.531430322400079369e+01
9.052430000000000199e-04 1.497052896150883505e+01
9.185550000000000442e-04 1.462798330191045615e+01
9.318669999999999601e-04 1.428709413525856675e+01
9.451800000000000002e-04 1.394819821339099875e+01
9.584920000000000245e-04 1.361181197473558946e+01
9.718049999999999562e-04 1.327821059827440919e+01
9.851169999999999805e-04 1.294785823585612050e+01
9.984289999999998964e-04 1.262098138019610438e+01
1.011739999999999905e-03 1.229788926566097551e+01
1.025050000000000006e-03 1.197881889544079570e+01
1.038370000000000048e-03 1.166373643481919942e+01
1.051679999999999933e-03 1.135302182513633618e+01
1.064990000000000034e-03 1.104661747375906700e+01
1.078299999999999918e-03 1.074447965907073055e+01
1.091619999999999960e-03 1.044638934764155991e+01
1.104930000000000061e-03 1.015269665124420584e+01
1.118239999999999946e-03 9.863127796034143913e+00
1.131550000000000047e-03 9.577578237098787639e+00
1.144870000000000089e-03 9.295789114441179279e+00
1.158179999999999973e-03 9.018098919684749859e+00
1.171490000000000075e-03 8.744303485041456270e+00
1.184799999999999959e-03 8.474363560355461900e+00
1.198120000000000001e-03 8.208185785438224968e+00
1.211430000000000102e-03 7.946183350823123881e+00
1.224739999999999987e-03 7.688375448612705831e+00
1.238050000000000088e-03 7.434822951266126800e+00
1.251359999999999972e-03 7.185842092720827523e+00
1.264680000000000014e-03 6.941343132126024607e+00
1.277989999999999899e-03 6.702059880744800857e+00
1.291300000000000000e-03 6.467903749928338719e+00
1.304610000000000101e-03 6.239230535290149149e+00
1.317929999999999926e-03 6.015944200990966273e+00
1.331240000000000027e-03 5.798658836267466476e+00
1.344549999999999912e-03 5.587226210311404095e+00
1.357860000000000013e-03 5.381803107250366480e+00
1.371180000000000055e-03 5.182194349767254238e+00
1.384489999999999939e-03 4.988710710945005289e+00
1.397800000000000041e-03 4.801092216698009452e+00
1.411109999999999925e-03 4.619217195663801512e+00
1.424429999999999967e-03 4.442791480004305349e+00
1.437740000000000068e-03 4.271864635368186391e+00
1.451049999999999953e-03 4.106115260378030207e+00
1.464360000000000054e-03 3.945286854016274880e+00
1.477680000000000096e-03 3.789072369115940031e+00
1.490989999999999980e-03 3.637462996830856277e+00
1.504300000000000082e-03 3.490176724894786364e+00
1.517609999999999966e-03 3.347024312069423413e+00
1.530930000000000008e-03 3.207776682145381919e+00
1.544239999999999892e-03 3.072532062120456597e+00
1.557549999999999994e-03 2.941103931876832167e+00
1.570860000000000095e-03 2.813459118633687250e+00
1.584169999999999979e-03 2.689554121195668834e+00
1.597490000000000021e-03 2.569329487032744108e+00
1.610799999999999906e-03 2.452945963332117341e+00
1.624110000000000007e-03 2.340376797988801272e+00
1.637420000000000108e-03 2.231612685180835332e+00
1.650739999999999933e-03 2.126640844207258851e+00
1.664050000000000034e-03 2.025604353871726548e+00
1.677359999999999919e-03 1.928466005579710485e+00
1.690670000000000020e-03 1.835194620610524296e+00
1.703990000000000062e-03 1.745722948097333749e+00
1.717299999999999946e-03 1.660131716239846122e+00
1.730610000000000048e-03 1.578306349219644744e+00
1.743919999999999932e-03 1.500168646342647794e+00
1.757239999999999974e-03 1.425571986606550379e+00
1.770550000000000075e-03 1.354530596106148899e+00
1.783859999999999960e-03 1.286865980937735410e+00
1.797170000000000061e-03 1.222465568123718427e+00
1.810490000000000103e-03 1.161142980210628117e+00
1.823799999999999987e-03 1.102870281551014964e+00
1.837110000000000088e-03 1.047456306854204433e+00
1.850419999999999973e-03 9.947798363986000147e-01
1.863730000000000074e-03 9.446988501701446550e-01
1.877049999999999899e-03 8.970611258792285936e-01
1.890360000000000000e-03 8.518019655988714467e-01
1.903670000000000102e-03 8.087765245573530493e-01
1.916979999999999986e-03 7.678551184814766950e-01
1.930300000000000028e-03 7.289061783011213658e-01
1.943609999999999912e-03 6.918637413910495582e-01
1.956920000000000014e-03 6.566026036099263941e-01
1.970229999999999898e-03 6.230027122852362931e-01
1.983550000000000157e-03 5.909493466792137273e-01
1.996860000000000041e-03 5.603758215936348597e-01
2.010169999999999926e-03 5.311735689608693134e-01
2.023479999999999810e-03 5.032363812915194856e-01
2.036800000000000069e-03 4.764672598261243119e-01
2.050109999999999953e-03 4.508134176495334211e-01
2.063419999999999838e-03 4.261881966697825264e-01
2.076730000000000156e-03 4.025162208271453324e-01
2.090049999999999981e-03 3.797262952511196166e-01
2.103359999999999865e-03 3.577974092878941081e-01
2.116670000000000183e-03 3.366719308095734164e-01
2.129980000000000068e-03 3.163141513932202775e-01
2.143299999999999893e-03 2.966817565387493416e-01
2.156610000000000211e-03 2.777845808251696025e-01
2.169920000000000095e-03 2.595909559875272388e-01
2.183229999999999980e-03 2.420920847542857024e-01
2.196539999999999864e-03 2.252783007287870176e-01
2.209860000000000123e-03 2.091344450447291115e-01
2.223170000000000007e-03 1.936786082009475662e-01
2.236479999999999892e-03 1.788975762490882804e-01
2.249790000000000210e-03 1.647858784793623799e-01
2.263110000000000035e-03 1.513318796792538501e-01
2.276419999999999919e-03 1.385495925114510474e-01
2.289729999999999804e-03 1.264263354006238405e-01
2.303040000000000122e-03 1.149546802640923210e-01
2.316359999999999947e-03 1.041226862559788413e-01
2.329669999999999831e-03 9.393792365647343767e-02
2.342980000000000149e-03 8.438737615706905226e-02
2.356290000000000034e-03 7.546091441187036120e-02
2.369609999999999859e-03 6.714534454524755114e-02
2.382920000000000177e-03 5.944108202095463311e-02
2.396230000000000061e-03 5.233183904304469780e-02
2.409539999999999946e-03 4.580262100198397024e-02
2.422860000000000204e-03 3.983405114557510979e-02
2.436170000000000089e-03 3.441619148854237892e-02
2.449479999999999973e-03 2.952426323955924942e-02
2.462789999999999858e-03 2.513476189588838977e-02
2.476100000000000176e-03 2.122198806236939156e-02
2.489420000000000001e-03 1.775561431632285622e-02
2.502729999999999885e-03 1.471078129821313737e-02
2.516040000000000203e-03 1.205417341193675169e-02
2.529350000000000088e-03 9.753482990533867553e-03
2.542669999999999913e-03 7.774995020116491629e-03
2.555979999999999797e-03 6.089521388491175510e-03
2.569290000000000115e-03 4.663936551834696465e-03
2.582600000000000000e-03 3.468345266136198864e-03
2.595919999999999825e-03 2.472651715342156359e-03
2.609230000000000143e-03 1.652247484845639899e-03
2.622540000000000027e-03 9.807943989748391708e-04
2.635849999999999912e-03 4.388540290764002738e-04
2.649170000000000171e-03 0.000000000000000000e+00
