1.331239999999999980e-05 4.927096425709979144e+02
2.662479999999999960e-05 4.926539303658307745e+02
3.993720000000000110e-05 4.926077372265534677e+02
5.324959999999999920e-05 4.925627777380529437e+02
6.656200000000000408e-05 4.925147909154423473e+02
7.987440000000000219e-05 4.924624889380528998e+02
9.318669999999999330e-05 4.924033381913912990e+02
1.064989999999999980e-04 4.923366468561488887e+02
1.198119999999999974e-04 4.922600708841405321e+02
1.331240000000000082e-04 4.921729404885896315e+02
1.464360000000000054e-04 4.920729348424059140e+02
1.597489999999999913e-04 4.919592810988398242e+02
1.730609999999999885e-04 4.918297296975241579e+02
1.863730000000000128e-04 4.916834352220999449e+02
1.996859999999999987e-04 4.915182133836332241e+02
2.129979999999999959e-04 4.913332263971523730e+02
2.263110000000000089e-04 4.911263794159338545e+02
2.396230000000000061e-04 4.908968385604013065e+02
2.529349999999999763e-04 4.906425805022386157e+02
2.662480000000000163e-04 4.903626782216511515e+02
2.795599999999999865e-04 4.900551201723420149e+02
2.928730000000000265e-04 4.897187888907439515e+02
3.061849999999999967e-04 4.893514800844116621e+02
3.194970000000000210e-04 4.889517438825596400e+02
3.328100000000000069e-04 4.885169308947822060e+02
3.461219999999999770e-04 4.880451120989673655e+02
3.594350000000000171e-04 4.875331270165368664e+02
3.727469999999999872e-04 4.869783215099175777e+02
3.860590000000000115e-04 4.863770832156437223e+02
3.993719999999999974e-04 4.857258158753387534e+02
4.126840000000000217e-04 4.850206637439166570e+02
4.259970000000000076e-04 4.842572007720972920e+02
4.393089999999999777e-04 4.834313633339295961e+02
4.526210000000000021e-04 4.825381335472475257e+02
4.659339999999999879e-04 4.815731219812950030e+02
4.792460000000000123e-04 4.805309754860808198e+02
4.925590000000000523e-04 4.794070307550449570e+02
5.058709999999999683e-04 4.781953322909308213e+02
5.191829999999999926e-04 4.768909099134633607e+02
5.324960000000000327e-04 4.754865844917652566e+02
5.458079999999999486e-04 4.739770725739270461e+02
5.591199999999999729e-04 4.723537821348947432e+02
5.724330000000000130e-04 4.706103486647529621e+02
5.857450000000000373e-04 4.687368669778348362e+02
5.990579999999999690e-04 4.667262317043825988e+02
6.123699999999999933e-04 4.645670810055812012e+02
6.256820000000000177e-04 4.622524194780902462e+02
6.389949999999999493e-04 4.597697175757289756e+02
6.523069999999999737e-04 4.571133637185071734e+02
6.656200000000000137e-04 4.542713541753530535e+02
6.789320000000000381e-04 4.512399884059066721e+02
6.922439999999999540e-04 4.480097765007853354e+02
7.055569999999999941e-04 4.445789239002289719e+02
7.188690000000000184e-04 4.409424784323662720e+02
7.321819999999999501e-04 4.371011301156559057e+02
7.454939999999999744e-04 4.330545445374206111e+02
7.588059999999999987e-04 4.288062800210081491e+02
7.721190000000000388e-04 4.243595241292812830e+02
7.854309999999999547e-04 4.197208396980932434e+02
7.987439999999999948e-04 4.148966954579258868e+02
8.120560000000000191e-04 4.098951096129661664e+02
8.253680000000000435e-04 4.047255753071509048e+02
8.386809999999999751e-04 3.993957467377169905e+02
8.519929999999999995e-04 3.939181589352461401e+02
8.653050000000000238e-04 3.883008185552164946e+02
8.786179999999999555e-04 3.825564235416265433e+02
8.919299999999999798e-04 3.766944385239065127e+02
9.052430000000000199e-04 3.707282039473241184e+02
9.185550000000000442e-04 3.646672799461513250e+02
9.318669999999999601e-04 3.585263517087463470e+02
9.451800000000000002e-04 3.523134651553938284e+02
9.584920000000000245e-04 3.460451991220438117e+02
9.718049999999999562e-04 3.397286186921240301e+02
9.851169999999999805e-04 3.333801409299707643e+02
9.984289999999998964e-04 3.270063614846755513e+02
1.011739999999999905e-03 3.206221794484421252e+02
1.025050000000000006e-03 3.142333699643994578e+02
1.038370000000000048e-03 3.078471893304069908e+02
1.051679999999999933e-03 3.014775248289062120e+02
1.064990000000000034e-03 2.951295124286631903e+02
1.078299999999999918e-03 2.888059131211700219e+02
1.091619999999999960e-03 2.825093978907397059e+02
1.104930000000000061e-03 2.762507568929593731e+02
1.118239999999999946e-03 2.700302590291017850e+02
1.131550000000000047e-03 2.638481401924976240e+02
1.144870000000000089e-03 2.577031070453453481e+02
1.158179999999999973e-03 2.516039041978915805e+02
1.171490000000000075e-03 2.455481221762881603e+02
1.184799999999999959e-03 2.395349785061148111e+02
1.198120000000000001e-03 2.335618674712835627e+02
1.211430000000000102e-03 2.276369787912704226e+02
1.224739999999999987e-03 2.217578097670506168e+02
1.238050000000000088e-03 2.159237868577802715e+02
1.251359999999999972e-03 2.101374703798397547e+02
1.264680000000000014e-03 2.043942485871044994e+02
1.277989999999999899e-03 1.987058778217866006e+02
1.291300000000000000e-03 1.930686251449268696e+02
1.304610000000000101e-03 1.874878977642496523e+02
1.317929999999999926e-03 1.819575540002688854e+02
1.331240000000000027e-03 1.764918953171258522e+02
1.344549999999999912e-03 1.710892713038351189e+02
1.357860000000000013e-03 1.657550100959006159e+02
1.371180000000000055e-03 1.604874140720310152e+02
1.384489999999999939e-03 1.553009799622404898e+02
1.397800000000000041e-03 1.501943092403091669e+02
1.411109999999999925e-03 1.451744441671322647e+02
1.424429999999999967e-03 1.402402157201200907e+02
1.437740000000000068e-03 1.354057642323574555e+02
1.451049999999999953e-03 1.306694616797556705e+02
1.464360000000000054e-03 1.260368789249161097e+02
1.477680000000000096e-03 1.215059331288684064e+02
1.490989999999999980e-03 1.170871394937928187e+02
1.504300000000000082e-03 1.127774068848708993e+02
1.517609999999999966e-03 1.085783030802726614e+02
1.530930000000000008e-03 1.044860682151385873e+02
1.544239999999999892e-03 1.005064617412290318e+02
1.557549999999999994e-03 9.663492837480650621e+01
1.570860000000000095e-03 9.286968223168433667e+01
1.584169999999999979e-03 8.920877900497325186e+01
1.597490000000000021e-03 8.564718974796447526e+01
1.610799999999999906e-03 8.218815463431964474e+01
1.624110000000000007e-03 7.882677228333227504e+01
1.637420000000000108e-03 7.556106376153643112e+01
1.650739999999999933e-03 7.238700315768238625e+01
1.664050000000000034e-03 6.930768330105344432e+01
1.677359999999999919e-03 6.631981556897162022e+01
1.690670000000000020e-03 6.342206763153647131e+01
1.703990000000000062e-03 6.061209917886188947e+01
1.717299999999999946e-03 5.789306085643657696e+01
1.730610000000000048e-03 5.526304308629968176e+01
1.743919999999999932e-03 5.272113662834458125e+01
1.757239999999999974e-03 5.026583551315807341e+01
1.770550000000000075e-03 4.789989109645156873e+01
1.783859999999999960e-03 4.562162548897404690e+01
1.797170000000000061e-03 4.342992051191005487e+01
1.810490000000000103e-03 4.132287767683423141e+01
1.823799999999999987e-03 3.930220884542450932e+01
1.837110000000000088e-03 3.736527236947213737e+01
1.850419999999999973e-03 3.551016610121820349e+01
1.863730000000000074e-03 3.373492797382186836e+01
1.877049999999999899e-03 3.203591144444029482e+01
1.890360000000000000e-03 3.041278678037651062e+01
1.903670000000000102e-03 2.886153317716370736e+01
1.916979999999999986e-03 2.737857607810098770e+01
1.930300000000000028e-03 2.595986296228105417e+01
1.943609999999999912e-03 2.460367880205066982e+01
1.956920000000000014e-03 2.330596976166618006e+01
1.970229999999999898e-03 2.206307884033362399e+01
1.983550000000000157e-03 2.087134056906401369e+01
1.996860000000000041e-03 1.972943788869121207e+01
2.010169999999999926e-03 1.863413273934584780e+01
2.023479999999999810e-03 1.758300880656218368e+01
2.036800000000000069e-03 1.657343778190612227e+01
2.050109999999999953e-03 1.560516934177520731e+01
2.063419999999999838e-03 1.467600282299395076e+01
2.076730000000000156e-03 1.378460426384111592e+01
2.090049999999999981e-03 1.292918790104079285e+01
2.103359999999999865e-03 1.210990808877222769e+01
2.116670000000000183e-03 1.132514234599948644e+01
2.129980000000000068e-03 1.057384429675079218e+01
2.143299999999999893e-03 9.854569662521178941e+00
2.156610000000000211e-03 9.167409673653091673e+00
2.169920000000000095e-03 8.511015357960969752e+00
2.183229999999999980e-03 7.884554586109557839e+00
2.196539999999999864e-03 7.287339037268962372e+00
2.209860000000000123e-03 6.718386840811180427e+00
2.223170000000000007e-03 6.178040840024296543e+00
2.236479999999999892e-03 5.665636754265085173e+00
2.249790000000000210e-03 5.180853033887537151e+00
2.263110000000000035e-03 4.723331896055976031e+00
2.276419999999999919e-03 4.293566256410272786e+00
2.289729999999999804e-03 3.891230387413701308e+00
2.303040000000000122e-03 3.516124119672016768e+00
2.316359999999999947e-03 3.167783733769076182e+00
2.329669999999999831e-03 2.846354038457113766e+00
2.342980000000000149e-03 2.550957072134588444e+00
2.356290000000000034e-03 2.280891358310373374e+00
2.369609999999999859e-03 2.034842681094322536e+00
2.382920000000000177e-03 1.812090433556984514e+00
2.396230000000000061e-03 1.610877501406875911e+00
2.409539999999999946e-03 1.429767113708448001e+00
2.422860000000000204e-03 1.266802411534926787e+00
2.436170000000000089e-03 1.120588054664139133e+00
2.449479999999999973e-03 9.891672108748588155e-01
2.462789999999999858e-03 8.708923772183642109e-01
2.476100000000000176e-03 7.641567760098630924e-01
2.489420000000000001e-03 6.674327224981870810e-01
2.502729999999999885e-03 5.796312533620654461e-01
2.516040000000000203e-03 4.995488654507413973e-01
2.529350000000000088e-03 4.263603355207815637e-01
2.542669999999999913e-03 3.592421468475768265e-01
2.555979999999999797e-03 2.978148736859693169e-01
2.569290000000000115e-03 2.415646839716998062e-01
2.582600000000000000e-03 1.902328228699856627e-01
2.595919999999999825e-03 1.435244799639558977e-01
2.609230000000000143e-03 1.013424635272389684e-01
2.622540000000000027e-03 6.348261868883911530e-02
2.635849999999999912e-03 2.978228084136136378e-02
2.649170000000000171e-03 0.000000000000000000e+00
