1.331239999999999980e-05 3.839339207005383892e-01
2.662479999999999960e-05 3.839342215481514886e-01
3.993720000000000110e-05 3.839338171116272180e-01
5.324959999999999920e-05 3.839340832692904049e-01
6.656200000000000408e-05 3.839336101823828118e-01
7.987440000000000219e-05 3.839337681991181750e-01
9.318669999999999330e-05 3.839331096569528201e-01
1.064989999999999980e-04 3.839329880527380112e-01
1.198119999999999974e-04 3.839318753850480825e-01
1.331240000000000082e-04 3.839310804455526305e-01
1.464360000000000054e-04 3.839289423305312643e-01
1.597489999999999913e-04 3.839266640355395444e-01
1.730609999999999885e-04 3.839223810882211874e-01
1.863730000000000128e-04 3.839171105435889575e-01
1.996859999999999987e-04 3.839087238449253592e-01
2.129979999999999959e-04 3.838979692467719418e-01
2.263110000000000089e-04 3.838824603110075895e-01
2.396230000000000061e-04 3.838626440413097640e-01
2.529349999999999763e-04 3.838360125092577513e-01
2.662480000000000163e-04 3.838028064735426459e-01
2.795599999999999865e-04 3.837606940159821733e-01
2.928730000000000265e-04 3.837100042339953165e-01
3.061849999999999967e-04 3.836489669548052150e-01
3.194970000000000210e-04 3.835784624654381969e-01
3.328100000000000069e-04 3.834975937693379522e-01
3.461219999999999770e-04 3.834082596603752835e-01
3.594350000000000171e-04 3.833105121236207724e-01
3.727469999999999872e-04 3.832074520598219847e-01
3.860590000000000115e-04 3.830996624473581580e-01
3.993719999999999974e-04 3.829909473587599367e-01
4.126840000000000217e-04 3.828833503910727964e-01
4.259970000000000076e-04 3.827808875385291798e-01
4.393089999999999777e-04 3.826820664734310040e-01
4.526210000000000021e-04 3.825921742001200387e-01
4.659339999999999879e-04 3.825105296452406267e-01
4.792460000000000123e-04 3.824397387886348532e-01
4.925590000000000523e-04 3.823781963771145098e-01
5.058709999999999683e-04 3.823274477327857079e-01
5.191829999999999926e-04 3.822852350499631457e-01
5.324960000000000327e-04 3.822521600617835302e-01
5.458079999999999486e-04 3.822256846222268911e-01
5.591199999999999729e-04 3.822059602389016875e-01
5.724330000000000130e-04 3.821904550065168271e-01
5.857450000000000373e-04 3.821792832099542014e-01
5.990579999999999690e-04 3.821700772669959778e-01
6.123699999999999933e-04 3.821631289589541569e-01
6.256820000000000177e-04 3.821560611603286861e-01
6.389949999999999493e-04 3.821492292982571759e-01
6.523069999999999737e-04 3.821407618746064938e-01
6.656200000000000137e-04 3.821308468848726436e-01
6.789320000000000381e-04 3.821171914205158116e-01
6.922439999999999540e-04 3.821001528955103588e-01
7.055569999999999941e-04 3.820774173332948664e-01
7.188690000000000184e-04 3.820491793319688023e-01
7.321819999999999501e-04 3.820131482273783075e-01
7.454939999999999744e-04 3.819695007358536176e-01
7.588059999999999987e-04 3.819160604833741202e-01
7.721190000000000388e-04 3.818531257939750678e-01
7.854309999999999547e-04 3.817786745149021610e-01
7.987439999999999948e-04 3.816931769955316245e-01
8.120560000000000191e-04 3.815946651373458565e-01
8.253680000000000435e-04 3.814836101315965955e-01
8.386809999999999751e-04 3.813578584188930254e-01
8.519929999999999995e-04 3.812174827633303953e-01
8.653050000000000238e-04 3.810599070036329583e-01
8.786179999999999555e-04 3.808842341482471805e-01
8.919299999999999798e-04 3.806873219880400061e-01
9.052430000000000199e-04 3.804669529616646617e-01
9.185550000000000442e-04 3.802193860700006089e-01
9.318669999999999601e-04 3.799410924797055333e-01
9.451800000000000002e-04 3.796278611318869567e-01
9.584920000000000245e-04 3.792752691161050405e-01
9.718049999999999562e-04 3.788789772769466380e-01
9.851169999999999805e-04 3.784342408367100119e-01
9.984289999999998964e-04 3.779370004334304811e-01
1.011739999999999905e-03 3.773828422340513300e-01
1.025050000000000006e-03 3.767683267590165030e-01
1.038370000000000048e-03 3.760894254870590925e-01
1.051679999999999933e-03 3.753445868286470199e-01
1.064990000000000034e-03 3.745312932017337837e-01
1.078299999999999918e-03 3.736480203173549453e-01
1.091619999999999960e-03 3.726939580970570209e-01
1.104930000000000061e-03 3.716700906664153203e-01
1.118239999999999946e-03 3.705775287181081734e-01
1.131550000000000047e-03 3.694166955767353433e-01
1.144870000000000089e-03 3.681900176915659517e-01
1.158179999999999973e-03 3.669001851025870398e-01
1.171490000000000075e-03 3.655500369339376721e-01
1.184799999999999959e-03 3.641402257079390248e-01
1.198120000000000001e-03 3.626725533264626988e-01
1.211430000000000102e-03 3.611490578684654618e-01
1.224739999999999987e-03 3.595694173769347080e-01
1.238050000000000088e-03 3.579322626146798081e-01
1.251359999999999972e-03 3.562356120427392359e-01
1.264680000000000014e-03 3.544755062887330332e-01
1.277989999999999899e-03 3.526500748626711368e-01
1.291300000000000000e-03 3.507543931876929144e-01
1.304610000000000101e-03 3.487824696973161887e-01
1.317929999999999926e-03 3.467290659768401118e-01
1.331240000000000027e-03 3.445916865294004761e-01
1.344549999999999912e-03 3.423659031211101489e-01
1.357860000000000013e-03 3.400488612575405245e-01
1.371180000000000055e-03 3.376376514899038783e-01
1.384489999999999939e-03 3.351375679502198723e-01
1.397800000000000041e-03 3.325478372451768916e-01
1.411109999999999925e-03 3.298749458464492190e-01
1.424429999999999967e-03 3.271196792572036438e-01
1.437740000000000068e-03 3.242956640714538818e-01
1.451049999999999953e-03 3.214041025585297473e-01
1.464360000000000054e-03 3.184538919774805854e-01
1.477680000000000096e-03 3.154447067671805049e-01
1.490989999999999980e-03 3.123852396334551584e-01
1.504300000000000082e-03 3.092720854115709739e-01
1.517609999999999966e-03 3.061017866370723262e-01
1.530930000000000008e-03 3.028669658530847020e-01
1.544239999999999892e-03 2.995610740274642914e-01
1.557549999999999994e-03 2.961733784714776219e-01
1.570860000000000095e-03 2.926871207293003097e-01
1.584169999999999979e-03 2.890924839725778628e-01
1.597490000000000021e-03 2.853692501174445728e-01
1.610799999999999906e-03 2.815141602362628559e-01
1.624110000000000007e-03 2.775112899606584915e-01
1.637420000000000108e-03 2.733549362702631935e-01
1.650739999999999933e-03 2.690366856093451275e-01
1.664050000000000034e-03 2.645617136071001241e-01
1.677359999999999919e-03 2.599302798517184598e-01
1.690670000000000020e-03 2.551454137005199074e-01
1.703990000000000062e-03 2.502141828804965717e-01
1.717299999999999946e-03 2.451503247332328939e-01
1.730610000000000048e-03 2.399653640009370426e-01
1.743919999999999932e-03 2.346675321321386176e-01
1.757239999999999974e-03 2.292701598599780344e-01
1.770550000000000075e-03 2.237903152989806910e-01
1.783859999999999960e-03 2.182417669258852333e-01
1.797170000000000061e-03 2.126334446017260071e-01
1.810490000000000103e-03 2.069784348048868683e-01
1.823799999999999987e-03 2.012935341401770328e-01
1.837110000000000088e-03 1.955900530217582756e-01
1.850419999999999973e-03 1.898750492611837315e-01
1.863730000000000074e-03 1.841609533320996139e-01
1.877049999999999899e-03 1.784485305854019987e-01
1.890360000000000000e-03 1.727544757765162031e-01
1.903670000000000102e-03 1.670770118812951177e-01
1.916979999999999986e-03 1.614199355628054000e-01
1.930300000000000028e-03 1.557792328071084531e-01
1.943609999999999912e-03 1.501644523796199227e-01
1.956920000000000014e-03 1.445702532672840379e-01
1.970229999999999898e-03 1.389977579974862321e-01
1.983550000000000157e-03 1.334419032903683411e-01
1.996860000000000041e-03 1.279142045535796857e-01
2.010169999999999926e-03 1.224114301804777039e-01
2.023479999999999810e-03 1.169459287834851841e-01
2.036800000000000069e-03 1.115098218004468844e-01
2.050109999999999953e-03 1.061207221942705031e-01
2.063419999999999838e-03 1.007846786774092285e-01
2.076730000000000156e-03 9.551102190146895654e-02
2.090049999999999981e-03 9.030212035228581124e-02
2.103359999999999865e-03 8.517611198503723113e-02
2.116670000000000183e-03 8.013578600603409041e-02
2.129980000000000068e-03 7.519154377958739421e-02
2.143299999999999893e-03 7.034648873129956126e-02
2.156610000000000211e-03 6.561943701465645928e-02
2.169920000000000095e-03 6.101419043913263590e-02
2.183229999999999980e-03 5.654418521792831109e-02
2.196539999999999864e-03 5.221795842786070702e-02
2.209860000000000123e-03 4.804695118656159003e-02
2.223170000000000007e-03 4.404637642377560308e-02
2.236479999999999892e-03 4.022637084979854838e-02
2.249790000000000210e-03 3.659463840736948415e-02
2.263110000000000035e-03 3.315760078514145420e-02
2.276419999999999919e-03 2.992495363185938839e-02
2.289729999999999804e-03 2.689721747293918191e-02
2.303040000000000122e-03 2.407461817229198178e-02
2.316359999999999947e-03 2.145266102508205236e-02
2.329669999999999831e-03 1.903143391583958857e-02
2.342980000000000149e-03 1.680276569324798755e-02
2.356290000000000034e-03 1.476002459985907220e-02
2.369609999999999859e-03 1.289395575377413547e-02
2.382920000000000177e-03 1.119945109182058154e-02
2.396230000000000061e-03 9.666972011191789921e-03
2.409539999999999946e-03 8.288289158034907109e-03
2.422860000000000204e-03 7.054264256080163345e-03
2.436170000000000089e-03 5.958410580835311193e-03
2.449479999999999973e-03 4.991311803270356492e-03
2.462789999999999858e-03 4.144323243129488868e-03
2.476100000000000176e-03 3.408421283637159353e-03
2.489420000000000001e-03 2.774107582599162104e-03
2.502729999999999885e-03 2.232950011688163497e-03
2.516040000000000203e-03 1.775309929131252927e-03
2.529350000000000088e-03 1.392002365375665743e-03
2.542669999999999913e-03 1.073892540622992673e-03
2.555979999999999797e-03 8.130983041483024094e-04
2.569290000000000115e-03 6.012991967710548712e-04
2.582600000000000000e-03 4.313908975775297997e-04
2.595919999999999825e-03 2.963680095412067790e-04
2.609230000000000143e-03 1.907660449250334566e-04
2.622540000000000027e-03 1.089475839174908694e-04
2.635849999999999912e-03 4.708745474837598433e-05
2.649170000000000171e-03 0.000000000000000000e+00
