1.331239999999999980e-05 1.108030525051487757e+03
2.662479999999999960e-05 1.095453857824157694e+03
3.993720000000000110e-05 1.086812447273709950e+03
5.324959999999999920e-05 1.079610888379713060e+03
6.656200000000000408e-05 1.073093682829265845e+03
7.987440000000000219e-05 1.066924488935268528e+03
9.318669999999999330e-05 1.060925765841769817e+03
1.064989999999999980e-04 1.054989074298220885e+03
1.198119999999999974e-04 1.049049196405723933e+03
1.331240000000000082e-04 1.043059936906215853e+03
1.464360000000000054e-04 1.036994388045325877e+03
1.597489999999999913e-04 1.030829999686825204e+03
1.730609999999999885e-04 1.024558694427904811e+03
1.863730000000000128e-04 1.018170594053965601e+03
1.996859999999999987e-04 1.011665056847065216e+03
2.129979999999999959e-04 1.005040971102151957e+03
2.263110000000000089e-04 9.983012972391042013e+02
2.396230000000000061e-04 9.914489345451704594e+02
2.529349999999999763e-04 9.844885538241339873e+02
2.662480000000000163e-04 9.774228501428659683e+02
2.795599999999999865e-04 9.702572849194688160e+02
2.928730000000000265e-04 9.629933795972889357e+02
3.061849999999999967e-04 9.556347900392538577e+02
3.194970000000000210e-04 9.481814408450023848e+02
3.328100000000000069e-04 9.406330652492666786e+02
3.461219999999999770e-04 9.329887437540954807e+02
3.594350000000000171e-04 9.252456199695096757e+02
3.727469999999999872e-04 9.174005479773015850e+02
3.860590000000000115e-04 9.094501457806276221e+02
3.993719999999999974e-04 9.013881335125677197e+02
4.126840000000000217e-04 8.932132632449464609e+02
4.259970000000000076e-04 8.849186106985399647e+02
4.393089999999999777e-04 8.765043356565017802e+02
4.526210000000000021e-04 8.679657140850571295e+02
4.659339999999999879e-04 8.593031269229001055e+02
4.792460000000000123e-04 8.505165868974959267e+02
4.925590000000000523e-04 8.416080780530015772e+02
5.058709999999999683e-04 8.325810024827644611e+02
5.191829999999999926e-04 8.234399968340125042e+02
5.324960000000000327e-04 8.141894523958416130e+02
5.458079999999999486e-04 8.048373349868006699e+02
5.591199999999999729e-04 7.953901849519241978e+02
5.724330000000000130e-04 7.858541956140741149e+02
5.857450000000000373e-04 7.762389536280335278e+02
5.990579999999999690e-04 7.665492791899333724e+02
6.123699999999999933e-04 7.567943982008564490e+02
6.256820000000000177e-04 7.469785716878642461e+02
6.389949999999999493e-04 7.371074143445323443e+02
6.523069999999999737e-04 7.271858214262133515e+02
6.656200000000000137e-04 7.172165670379158655e+02
6.789320000000000381e-04 7.072030134156040049e+02
6.922439999999999540e-04 6.971464424986930908e+02
7.055569999999999941e-04 6.870467118658900745e+02
7.188690000000000184e-04 6.769055426684243457e+02
7.321819999999999501e-04 6.667212178784027401e+02
7.454939999999999744e-04 6.564943105410220596e+02
7.588059999999999987e-04 6.462236318568292290e+02
7.721190000000000388e-04 6.359072152173463337e+02
7.854309999999999547e-04 6.255465686445711526e+02
7.987439999999999948e-04 6.151396754417927468e+02
8.120560000000000191e-04 6.046889669076455220e+02
8.253680000000000435e-04 5.941948122490289279e+02
8.386809999999999751e-04 5.836584860682182807e+02
8.519929999999999995e-04 5.730850758825196181e+02
8.653050000000000238e-04 5.624770923788190657e+02
8.786179999999999555e-04 5.518398026272192283e+02
8.919299999999999798e-04 5.411792603245689861e+02
9.052430000000000199e-04 5.305022191300204213e+02
9.185550000000000442e-04 5.198155506149946632e+02
9.318669999999999601e-04 5.091285479874993598e+02
9.451800000000000002e-04 4.984460037050364463e+02
9.584920000000000245e-04 4.877806512426032555e+02
9.718049999999999562e-04 4.771364057708630071e+02
9.851169999999999805e-04 4.665263735846943405e+02
9.984289999999998964e-04 4.559550180343006218e+02
1.011739999999999905e-03 4.454346563363824885e+02
1.025050000000000006e-03 4.349702527076374849e+02
1.038370000000000048e-03 4.245648689314252238e+02
1.051679999999999933e-03 4.142390194010654909e+02
1.064990000000000034e-03 4.039968146152693862e+02
1.078299999999999918e-03 3.938428053350588698e+02
1.091619999999999960e-03 3.837810278544966991e+02
1.104930000000000061e-03 3.738345122617046172e+02
1.118239999999999946e-03 3.640130694669092009e+02
1.131550000000000047e-03 3.543093248532896382e+02
1.144870000000000089e-03 3.447353402426730327e+02
1.158179999999999973e-03 3.353114204670328036e+02
1.171490000000000075e-03 3.260410931520112285e+02
1.184799999999999959e-03 3.169271663096818088e+02
1.198120000000000001e-03 3.079722689912454712e+02
1.211430000000000102e-03 2.991910100971974202e+02
1.224739999999999987e-03 2.905822400182956358e+02
1.238050000000000088e-03 2.821449687126508366e+02
1.251359999999999972e-03 2.738805167713022115e+02
1.264680000000000014e-03 2.657798301163747396e+02
1.277989999999999899e-03 2.578523538238985680e+02
1.291300000000000000e-03 2.500874708118593333e+02
1.304610000000000101e-03 2.424796170748122108e+02
1.317929999999999926e-03 2.350179642121163397e+02
1.331240000000000027e-03 2.277070279836823659e+02
1.344549999999999912e-03 2.205360907030133149e+02
1.357860000000000013e-03 2.134991729668568610e+02
1.371180000000000055e-03 2.065869137292419282e+02
1.384489999999999939e-03 1.998058638330776944e+02
1.397800000000000041e-03 1.931480108733921099e+02
1.411109999999999925e-03 1.866124176818931062e+02
1.424429999999999967e-03 1.801929783501146005e+02
1.437740000000000068e-03 1.739012071172225262e+02
1.451049999999999953e-03 1.677322373109466866e+02
1.464360000000000054e-03 1.616900231070707719e+02
1.477680000000000096e-03 1.557708950140959416e+02
1.490989999999999980e-03 1.499886933397254154e+02
1.504300000000000082e-03 1.443399569005852641e+02
1.517609999999999966e-03 1.388295176685892898e+02
1.530930000000000008e-03 1.334540808362323219e+02
1.544239999999999892e-03 1.282255105202484060e+02
1.557549999999999994e-03 1.231398934539287495e+02
1.570860000000000095e-03 1.181994723432954686e+02
1.584169999999999979e-03 1.134035815046062652e+02
1.597490000000000021e-03 1.087493411995810675e+02
1.610799999999999906e-03 1.042422199786782642e+02
1.624110000000000007e-03 9.987784515537671837e+01
1.637420000000000108e-03 9.565396081904334835e+01
1.650739999999999933e-03 9.156543673229475644e+01
1.664050000000000034e-03 8.761557584839836466e+01
1.677359999999999919e-03 8.379837263456990115e+01
1.690670000000000020e-03 8.011060148977412609e+01
1.703990000000000062e-03 7.654606651467358347e+01
1.717299999999999946e-03 7.310663342001700471e+01
1.730610000000000048e-03 6.978577988902061691e+01
1.743919999999999932e-03 6.657989056075670931e+01
1.757239999999999974e-03 6.348266042288771160e+01
1.770550000000000075e-03 6.049510184745148678e+01
1.783859999999999960e-03 5.761098745331386795e+01
1.797170000000000061e-03 5.482676138735303084e+01
1.810490000000000103e-03 5.213678510488427520e+01
1.823799999999999987e-03 4.954173517999376486e+01
1.837110000000000088e-03 4.703646846010802562e+01
1.850419999999999973e-03 4.461792017267013222e+01
1.863730000000000074e-03 4.228361527033173672e+01
1.877049999999999899e-03 4.002921254107035764e+01
1.890360000000000000e-03 3.785630788899693755e+01
1.903670000000000102e-03 3.576103273656342907e+01
1.916979999999999986e-03 3.374226745198033228e+01
1.930300000000000028e-03 3.179679488447362345e+01
1.943609999999999912e-03 2.992690476685626422e+01
1.956920000000000014e-03 2.812972048448776974e+01
1.970229999999999898e-03 2.640484280093596681e+01
1.983550000000000157e-03 2.474977577508624904e+01
1.996860000000000041e-03 2.316655468139884277e+01
2.010169999999999926e-03 2.165271416447848551e+01
2.023479999999999810e-03 2.020750852170217726e+01
2.036800000000000069e-03 1.882856751179971866e+01
2.050109999999999953e-03 1.751680724700047165e+01
2.063419999999999838e-03 1.626969538921763103e+01
2.076730000000000156e-03 1.508569660921097899e+01
2.090049999999999981e-03 1.396230692141979013e+01
2.103359999999999865e-03 1.289941254990132258e+01
2.116670000000000183e-03 1.189443423935613176e+01
2.129980000000000068e-03 1.094549267846550400e+01
2.143299999999999893e-03 1.005017306256620024e+01
2.156610000000000211e-03 9.207998107462975312e+00
2.169920000000000095e-03 8.416650433726141856e+00
2.183229999999999980e-03 7.674408159076309133e+00
2.196539999999999864e-03 6.979744383121914808e+00
2.209860000000000123e-03 6.330543869087381204e+00
2.223170000000000007e-03 5.726320819104227411e+00
2.236479999999999892e-03 5.164982466313700726e+00
2.249790000000000210e-03 4.645072669883544947e+00
2.263110000000000035e-03 4.164541756786938720e+00
2.276419999999999919e-03 3.722586829731529878e+00
2.289729999999999804e-03 3.317026204122328625e+00
2.303040000000000122e-03 2.946225531798779329e+00
2.316359999999999947e-03 2.607965846883971484e+00
2.329669999999999831e-03 2.301012968106355139e+00
2.342980000000000149e-03 2.023076551929432032e+00
2.356290000000000034e-03 1.772351859325950407e+00
2.369609999999999859e-03 1.546645999652269676e+00
2.382920000000000177e-03 1.344501140286925134e+00
2.396230000000000061e-03 1.163844982626256908e+00
2.409539999999999946e-03 1.002962596247731097e+00
2.422860000000000204e-03 8.600248204478099234e-01
2.436170000000000089e-03 7.336708451588541680e-01
2.449479999999999973e-03 6.222944174153275387e-01
2.462789999999999858e-03 5.244881948572934771e-01
2.476100000000000176e-03 4.389670540888464534e-01
2.489420000000000001e-03 3.644477428000967856e-01
2.502729999999999885e-03 2.999432366784664517e-01
2.516040000000000203e-03 2.443412623877425360e-01
2.529350000000000088e-03 1.967026971306490846e-01
2.542669999999999913e-03 1.560873918594087584e-01
2.555979999999999797e-03 1.217560267660974804e-01
2.569290000000000115e-03 9.290016961088846947e-02
2.582600000000000000e-03 6.884400380251581852e-02
2.595919999999999825e-03 4.891214497699120783e-02
2.609230000000000143e-03 3.257563030216017314e-02
2.622540000000000027e-03 1.927201457858357045e-02
2.635849999999999912e-03 8.596824428446952701e-03
2.649170000000000171e-03 0.000000000000000000e+00
