1.331239999999999980e-05 1.041825829657045233e+03
2.662479999999999960e-05 1.035473574584223798e+03
3.993720000000000110e-05 1.031114641879267538e+03
5.324959999999999920e-05 1.027473493473112740e+03
6.656200000000000408e-05 1.024160464101489879e+03
7.987440000000000219e-05 1.020998226806445814e+03
9.318669999999999330e-05 1.017889110076690372e+03
1.064989999999999980e-04 1.014770358252517099e+03
1.198119999999999974e-04 1.011599369671757358e+03
1.331240000000000082e-04 1.008343226792322980e+03
1.464360000000000054e-04 1.004977347483521271e+03
1.597489999999999913e-04 1.001479015643213188e+03
1.730609999999999885e-04 9.978326137122905948e+02
1.863730000000000128e-04 9.940204901728848199e+02
1.996859999999999987e-04 9.900309270161247923e+02
2.129979999999999959e-04 9.858502054089935882e+02
2.263110000000000089e-04 9.814695065560060812e+02
2.396230000000000061e-04 9.768774450301896195e+02
2.529349999999999763e-04 9.720681046182376122e+02
2.662480000000000163e-04 9.670310242666008662e+02
2.795599999999999865e-04 9.617637919371486532e+02
2.928730000000000265e-04 9.562573544315299614e+02
3.061849999999999967e-04 9.505118142451407266e+02
3.194970000000000210e-04 9.445205105989725780e+02
3.328100000000000069e-04 9.382846832708123657e+02
3.461219999999999770e-04 9.318014904115965464e+02
3.594350000000000171e-04 9.250740552705187838e+02
3.727469999999999872e-04 9.181025243693260336e+02
3.860590000000000115e-04 9.108929459627369170e+02
3.993719999999999974e-04 9.034470830002592265e+02
4.126840000000000217e-04 8.957750335184134656e+02
4.259970000000000076e-04 8.878812263772076676e+02
4.393089999999999777e-04 8.797779023119929889e+02
4.526210000000000021e-04 8.714731390504769024e+02
4.659339999999999879e-04 8.629788743563908611e+02
4.792460000000000123e-04 8.543077395511069199e+02
4.925590000000000523e-04 8.454716586966910654e+02
5.058709999999999683e-04 8.364852020104318626e+02
5.191829999999999926e-04 8.273607871702754437e+02
5.324960000000000327e-04 8.181117830027819764e+02
5.458079999999999486e-04 8.087516695721768656e+02
5.591199999999999729e-04 7.992933966054957864e+02
5.724330000000000130e-04 7.897467329200756012e+02
5.857450000000000373e-04 7.801252792784948724e+02
5.990579999999999690e-04 7.704359726826925225e+02
6.123699999999999933e-04 7.606902037684506013e+02
6.256820000000000177e-04 7.508933816707341293e+02
6.389949999999999493e-04 7.410520392524385898e+02
6.523069999999999737e-04 7.311718327269660449e+02
6.656200000000000137e-04 7.212559073401653222e+02
6.789320000000000381e-04 7.113083307018946471e+02
6.922439999999999540e-04 7.013308219113606583e+02
7.055569999999999941e-04 6.913241854888896114e+02
7.188690000000000184e-04 6.812909617135608187e+02
7.321819999999999501e-04 6.712306805767252627e+02
7.454939999999999744e-04 6.611452889392198813e+02
7.588059999999999987e-04 6.510349556532345332e+02
7.721190000000000388e-04 6.408995017152266200e+02
7.854309999999999547e-04 6.307416817402867082e+02
7.987439999999999948e-04 6.205612160330164215e+02
8.120560000000000191e-04 6.103613870833694364e+02
8.253680000000000435e-04 6.001437526452788234e+02
8.386809999999999751e-04 5.899098648122520672e+02
8.519929999999999995e-04 5.796648199222911444e+02
8.653050000000000238e-04 5.694106303446017137e+02
8.786179999999999555e-04 5.591511427722011831e+02
8.919299999999999798e-04 5.488909375491941773e+02
9.052430000000000199e-04 5.386336494572416314e+02
9.185550000000000442e-04 5.283837486362770051e+02
9.318669999999999601e-04 5.181455359173544366e+02
9.451800000000000002e-04 5.079206476334200033e+02
9.584920000000000245e-04 4.977149016351598334e+02
9.718049999999999562e-04 4.875283947554288488e+02
9.851169999999999805e-04 4.773656119321106530e+02
9.984289999999998964e-04 4.672266312720207111e+02
1.011739999999999905e-03 4.571138834833116107e+02
1.025050000000000006e-03 4.470276988467708179e+02
1.038370000000000048e-03 4.369607558922032808e+02
1.051679999999999933e-03 4.269285610816784811e+02
1.064990000000000034e-03 4.169247667138820361e+02
1.078299999999999918e-03 4.069503696878697951e+02
1.091619999999999960e-03 3.970007272548713786e+02
1.104930000000000061e-03 3.870928325592963120e+02
1.118239999999999946e-03 3.772242856707080136e+02
1.131550000000000047e-03 3.673983746205575471e+02
1.144870000000000089e-03 3.576155589767976721e+02
1.158179999999999973e-03 3.478948380848539728e+02
1.171490000000000075e-03 3.382387830372292683e+02
1.184799999999999959e-03 3.286520329997693466e+02
1.198120000000000001e-03 3.191377630602871136e+02
1.211430000000000102e-03 3.097174002049085857e+02
1.224739999999999987e-03 3.003990518296088226e+02
1.238050000000000088e-03 2.911770624205444733e+02
1.251359999999999972e-03 2.820669404508865341e+02
1.264680000000000014e-03 2.730669505171346714e+02
1.277989999999999899e-03 2.641993405505405121e+02
1.291300000000000000e-03 2.554597483580399455e+02
1.304610000000000101e-03 2.468563361651345645e+02
1.317929999999999926e-03 2.383845743159955646e+02
1.331240000000000027e-03 2.300640379593191369e+02
1.344549999999999912e-03 2.218894773527899247e+02
1.357860000000000013e-03 2.138666229261115745e+02
1.371180000000000055e-03 2.059901419306856667e+02
1.384489999999999939e-03 1.982765784137438345e+02
1.397800000000000041e-03 1.907200885690217547e+02
1.411109999999999925e-03 1.833244412992620198e+02
1.424429999999999967e-03 1.760838652141740397e+02
1.437740000000000068e-03 1.690121188186723487e+02
1.451049999999999953e-03 1.621030701629349835e+02
1.464360000000000054e-03 1.553589225641697169e+02
1.477680000000000096e-03 1.487738752193895095e+02
1.490989999999999980e-03 1.423596951028429203e+02
1.504300000000000082e-03 1.361105453972383827e+02
1.517609999999999966e-03 1.300284143290777479e+02
1.530930000000000008e-03 1.241081610773711930e+02
1.544239999999999892e-03 1.183610809780862638e+02
1.557549999999999994e-03 1.127822750722786509e+02
1.570860000000000095e-03 1.073745730524868378e+02
1.584169999999999979e-03 1.021377003337795770e+02
1.597490000000000021e-03 9.707080393245210814e+01
1.610799999999999906e-03 9.218104514767738067e+01
1.624110000000000007e-03 8.746702649509519745e+01
1.637420000000000108e-03 8.292780488682541318e+01
1.650739999999999933e-03 7.856119690752171891e+01
1.664050000000000034e-03 7.437195629084189363e+01
1.677359999999999919e-03 7.035605808874203149e+01
1.690670000000000020e-03 6.651065020924500004e+01
1.703990000000000062e-03 6.283020113561028097e+01
1.717299999999999946e-03 5.931637442343165390e+01
1.730610000000000048e-03 5.596195838813596879e+01
1.743919999999999932e-03 5.276230191628685162e+01
1.757239999999999974e-03 4.970962968804413862e+01
1.770550000000000075e-03 4.680345967077995084e+01
1.783859999999999960e-03 4.403575759072601414e+01
1.797170000000000061e-03 4.140141268896277893e+01
1.810490000000000103e-03 3.889314858600589275e+01
1.823799999999999987e-03 3.650988070809209063e+01
1.837110000000000088e-03 3.424503391733917113e+01
1.850419999999999973e-03 3.209415934656647806e+01
1.863730000000000074e-03 3.005329257874955218e+01
1.877049999999999899e-03 2.811700678369519935e+01
1.890360000000000000e-03 2.628476019520059381e+01
1.903670000000000102e-03 2.455154205991516392e+01
1.916979999999999986e-03 2.291422316568662154e+01
1.930300000000000028e-03 2.136836215738538058e+01
1.943609999999999912e-03 1.991327733038119874e+01
1.956920000000000014e-03 1.854470391607570789e+01
1.970229999999999898e-03 1.725965219968156106e+01
1.983550000000000157e-03 1.605419926765758021e+01
1.996860000000000041e-03 1.492709835332969881e+01
2.010169999999999926e-03 1.387448150833187732e+01
2.023479999999999810e-03 1.289316306641735821e+01
2.036800000000000069e-03 1.197949681126478083e+01
2.050109999999999953e-03 1.113146244379925776e+01
2.063419999999999838e-03 1.034540512515652289e+01
2.076730000000000156e-03 9.617673765994263491e+00
2.090049999999999981e-03 8.944718892816780453e+00
2.103359999999999865e-03 8.323631876477865177e+00
2.116670000000000183e-03 7.750801247521869719e+00
2.129980000000000068e-03 7.222101467419963505e+00
2.143299999999999893e-03 6.734014317163903307e+00
2.156610000000000211e-03 6.283088088716637820e+00
2.169920000000000095e-03 5.865862888151459842e+00
2.183229999999999980e-03 5.478312612498306144e+00
2.196539999999999864e-03 5.117516907150354122e+00
2.209860000000000123e-03 4.779614317189580852e+00
2.223170000000000007e-03 4.462502810355523764e+00
2.236479999999999892e-03 4.162964920788356338e+00
2.249790000000000210e-03 3.878840938580251141e+00
2.263110000000000035e-03 3.607748103303507925e+00
2.276419999999999919e-03 3.348484226264079933e+00
2.289729999999999804e-03 3.099508040722307456e+00
2.303040000000000122e-03 2.859798194083126521e+00
2.316359999999999947e-03 2.628633617011279178e+00
2.329669999999999831e-03 2.405899382088921179e+00
2.342980000000000149e-03 2.191523874626386537e+00
2.356290000000000034e-03 1.985506538795669185e+00
2.369609999999999859e-03 1.788234610876483499e+00
2.382920000000000177e-03 1.600312458159868667e+00
2.396230000000000061e-03 1.422309236211860561e+00
2.409539999999999946e-03 1.254656129164377854e+00
2.422860000000000204e-03 1.097885077168750723e+00
2.436170000000000089e-03 9.525984178317679074e-01
2.449479999999999973e-03 8.190688840730915299e-01
2.462789999999999858e-03 6.974453370552397002e-01
2.476100000000000176e-03 5.877456831276803850e-01
2.489420000000000001e-03 4.897437709587200705e-01
2.502729999999999885e-03 4.032161752849544034e-01
2.516040000000000203e-03 3.276294507208349915e-01
2.529350000000000088e-03 2.623025166021562549e-01
2.542669999999999913e-03 2.064782825223541729e-01
2.555979999999999797e-03 1.593767629783854889e-01
2.569290000000000115e-03 1.200948886256404946e-01
2.582600000000000000e-03 8.772372984328188905e-02
2.595919999999999825e-03 6.134926162638733999e-02
2.609230000000000143e-03 4.017097377431363969e-02
2.622540000000000027e-03 2.334552624663523840e-02
2.635849999999999912e-03 1.024059261605624570e-02
2.649170000000000171e-03 0.000000000000000000e+00
