1.331239999999999980e-05 1.951339506071160246e-01
2.662479999999999960e-05 1.951334856401973628e-01
3.993720000000000110e-05 1.951336169860048986e-01
5.324959999999999920e-05 1.951330899034195987e-01
6.656200000000000408e-05 1.951330911045604521e-01
7.987440000000000219e-05 1.951323684428640237e-01
9.318669999999999330e-05 1.951320718353676820e-01
1.064989999999999980e-04 1.951309298353505195e-01
1.198119999999999974e-04 1.951300320104508712e-01
1.331240000000000082e-04 1.951280651198852578e-01
1.464360000000000054e-04 1.951260349126798799e-01
1.597489999999999913e-04 1.951225574561600007e-01
1.730609999999999885e-04 1.951185395477058326e-01
1.863730000000000128e-04 1.951125000565116507e-01
1.996859999999999987e-04 1.951052522351902629e-01
2.129979999999999959e-04 1.950952105062266906e-01
2.263110000000000089e-04 1.950831399373006425e-01
2.396230000000000061e-04 1.950673805554705431e-01
2.529349999999999763e-04 1.950487397747156237e-01
2.662480000000000163e-04 1.950255625557841266e-01
2.795599999999999865e-04 1.949988175026860782e-01
2.928730000000000265e-04 1.949669828035007491e-01
3.061849999999999967e-04 1.949312807526905611e-01
3.194970000000000210e-04 1.948904531959416153e-01
3.328100000000000069e-04 1.948459881427658524e-01
3.461219999999999770e-04 1.947969552330236775e-01
3.594350000000000171e-04 1.947450249890095575e-01
3.727469999999999872e-04 1.946895155998394356e-01
3.860590000000000115e-04 1.946321100791667813e-01
3.993719999999999974e-04 1.945721619334692676e-01
4.126840000000000217e-04 1.945111814184687926e-01
4.259970000000000076e-04 1.944483119710757046e-01
4.393089999999999777e-04 1.943847611065623315e-01
4.526210000000000021e-04 1.943192933752442841e-01
4.659339999999999879e-04 1.942528190848730185e-01
4.792460000000000123e-04 1.941837313695785883e-01
4.925590000000000523e-04 1.941127987236646868e-01
5.058709999999999683e-04 1.940382081087444477e-01
5.191829999999999926e-04 1.939607875977966411e-01
5.324960000000000327e-04 1.938787612478080347e-01
5.458079999999999486e-04 1.937931626084079817e-01
5.591199999999999729e-04 1.937024643930218004e-01
5.724330000000000130e-04 1.936078804701840961e-01
5.857450000000000373e-04 1.935081840899973704e-01
5.990579999999999690e-04 1.934046874879638001e-01
6.123699999999999933e-04 1.932963170743633996e-01
6.256820000000000177e-04 1.931843735593534728e-01
6.389949999999999493e-04 1.930677228337503160e-01
6.523069999999999737e-04 1.929475868268409611e-01
6.656200000000000137e-04 1.928226491656280794e-01
6.789320000000000381e-04 1.926940087624184061e-01
6.922439999999999540e-04 1.925601475895142300e-01
7.055569999999999941e-04 1.924220292747313710e-01
7.188690000000000184e-04 1.922779785106294159e-01
7.321819999999999501e-04 1.921288559714079969e-01
7.454939999999999744e-04 1.919728103739180847e-01
7.588059999999999987e-04 1.918106083431282971e-01
7.721190000000000388e-04 1.916401435015583909e-01
7.854309999999999547e-04 1.914620842915104593e-01
7.987439999999999948e-04 1.912740113559033284e-01
8.120560000000000191e-04 1.910764412815874613e-01
8.253680000000000435e-04 1.908666083099558319e-01
8.386809999999999751e-04 1.906448297621929078e-01
8.519929999999999995e-04 1.904080280427076777e-01
8.653050000000000238e-04 1.901563974314846306e-01
8.786179999999999555e-04 1.898864991119355028e-01
8.919299999999999798e-04 1.895985264755117028e-01
9.052430000000000199e-04 1.892888102596166633e-01
9.185550000000000442e-04 1.889575876811768473e-01
9.318669999999999601e-04 1.886011797528780731e-01
9.451800000000000002e-04 1.882199224241871416e-01
9.584920000000000245e-04 1.878104722497547230e-01
9.718049999999999562e-04 1.873734882839763749e-01
9.851169999999999805e-04 1.869062931995502386e-01
9.984289999999998964e-04 1.864101352269531831e-01
1.011739999999999905e-03 1.858834216066062583e-01
1.025050000000000006e-03 1.853281583153160161e-01
1.038370000000000048e-03 1.847437033814000595e-01
1.051679999999999933e-03 1.841337057498564911e-01
1.064990000000000034e-03 1.834990796951250225e-01
1.078299999999999918e-03 1.828432148708571403e-01
1.091619999999999960e-03 1.821681724633586463e-01
1.104930000000000061e-03 1.814786225970763389e-01
1.118239999999999946e-03 1.807770625200051939e-01
1.131550000000000047e-03 1.800669270016691248e-01
1.144870000000000089e-03 1.793500973547776378e-01
1.158179999999999973e-03 1.786303450016385463e-01
1.171490000000000075e-03 1.779078517975827278e-01
1.184799999999999959e-03 1.771841511851764972e-01
1.198120000000000001e-03 1.764568724183159520e-01
1.211430000000000102e-03 1.757272665513870402e-01
1.224739999999999987e-03 1.749900061085120917e-01
1.238050000000000088e-03 1.742439283240228842e-01
1.251359999999999972e-03 1.734814960440729248e-01
1.264680000000000014e-03 1.726999378905895721e-01
1.277989999999999899e-03 1.718908667949129165e-01
1.291300000000000000e-03 1.710509636696608826e-01
1.304610000000000101e-03 1.701697475433166518e-01
1.317929999999999926e-03 1.692438772789806312e-01
1.331240000000000027e-03 1.682646663274120491e-01
1.344549999999999912e-03 1.672294472048160008e-01
1.357860000000000013e-03 1.661299062431784712e-01
1.371180000000000055e-03 1.649644657595863984e-01
1.384489999999999939e-03 1.637295488117643805e-01
1.397800000000000041e-03 1.624252304848420314e-01
1.411109999999999925e-03 1.610499589686494870e-01
1.424429999999999967e-03 1.596054391322581090e-01
1.437740000000000068e-03 1.580961351277421212e-01
1.451049999999999953e-03 1.565252709648122520e-01
1.464360000000000054e-03 1.548980928533295054e-01
1.477680000000000096e-03 1.532185696045703094e-01
1.490989999999999980e-03 1.514955784465615296e-01
1.504300000000000082e-03 1.497329600113871950e-01
1.517609999999999966e-03 1.479359109004967365e-01
1.530930000000000008e-03 1.461070171740450341e-01
1.544239999999999892e-03 1.442510210026956008e-01
1.557549999999999994e-03 1.423685787916087186e-01
1.570860000000000095e-03 1.404574092096630700e-01
1.584169999999999979e-03 1.385174635130134169e-01
1.597490000000000021e-03 1.365410225089343510e-01
1.610799999999999906e-03 1.345294200069167279e-01
1.624110000000000007e-03 1.324725988487351069e-01
1.637420000000000108e-03 1.303683135118111069e-01
1.650739999999999933e-03 1.282065010893431722e-01
1.664050000000000034e-03 1.259887442714973382e-01
1.677359999999999919e-03 1.237073384201164555e-01
1.690670000000000020e-03 1.213622147037935473e-01
1.703990000000000062e-03 1.189493765124610275e-01
1.717299999999999946e-03 1.164744789151667820e-01
1.730610000000000048e-03 1.139376643226305136e-01
1.743919999999999932e-03 1.113430199280505128e-01
1.757239999999999974e-03 1.086939495490038682e-01
1.770550000000000075e-03 1.060000852665244769e-01
1.783859999999999960e-03 1.032669185509448861e-01
1.797170000000000061e-03 1.005009545195665183e-01
1.810490000000000103e-03 9.770837106573546094e-02
1.823799999999999987e-03 9.490003251943521234e-02
1.837110000000000088e-03 9.208180411910697749e-02
1.850419999999999973e-03 8.925995120647710335e-02
1.863730000000000074e-03 8.644104239285292646e-02
1.877049999999999899e-03 8.362885215955934148e-02
1.890360000000000000e-03 8.083615596670533365e-02
1.903670000000000102e-03 7.806075494521427793e-02
1.916979999999999986e-03 7.530838822682357769e-02
1.930300000000000028e-03 7.258105229873591802e-02
1.943609999999999912e-03 6.988588358082574448e-02
1.956920000000000014e-03 6.722248138845168808e-02
1.970229999999999898e-03 6.459275102317658945e-02
1.983550000000000157e-03 6.199572008896486047e-02
1.996860000000000041e-03 5.943614682719537690e-02
2.010169999999999926e-03 5.691249690982776860e-02
2.023479999999999810e-03 5.442514924048740682e-02
2.036800000000000069e-03 5.197246142762507182e-02
2.050109999999999953e-03 4.955861482685263580e-02
2.063419999999999838e-03 4.718206234605278743e-02
2.076730000000000156e-03 4.484382524586306290e-02
2.090049999999999981e-03 4.254280170149622037e-02
2.103359999999999865e-03 4.028409670762814199e-02
2.116670000000000183e-03 3.806699084578772652e-02
2.129980000000000068e-03 3.589363970910294105e-02
2.143299999999999893e-03 3.376374212242969769e-02
2.156610000000000211e-03 3.168294767238357540e-02
2.169920000000000095e-03 2.965113306834098184e-02
2.183229999999999980e-03 2.767094352843415747e-02
2.196539999999999864e-03 2.574399352787436548e-02
2.209860000000000123e-03 2.387183268363650412e-02
2.223170000000000007e-03 2.205906232830264629e-02
2.236479999999999892e-03 2.030773928505610892e-02
2.249790000000000210e-03 1.861992179427549368e-02
2.263110000000000035e-03 1.699838086679401894e-02
2.276419999999999919e-03 1.544787435560121200e-02
2.289729999999999804e-03 1.397137228051188208e-02
2.303040000000000122e-03 1.257122975917169747e-02
2.316359999999999947e-03 1.125014748491315504e-02
2.329669999999999831e-03 1.001202025464415987e-02
2.342980000000000149e-03 8.858281161198000228e-03
2.356290000000000034e-03 7.789815193178390232e-03
2.369609999999999859e-03 6.806392641473750504e-03
2.382920000000000177e-03 5.908896302335472049e-03
2.396230000000000061e-03 5.095012190192335297e-03
2.409539999999999946e-03 4.362498983622617628e-03
2.422860000000000204e-03 3.707432449735762175e-03
2.436170000000000089e-03 3.127096422508417357e-03
2.449479999999999973e-03 2.616322230752593167e-03
2.462789999999999858e-03 2.170379753236695297e-03
2.476100000000000176e-03 1.783989191304717224e-03
2.489420000000000001e-03 1.451709526634418178e-03
2.502729999999999885e-03 1.168708078715733440e-03
2.516040000000000203e-03 9.295827224270250804e-04
2.529350000000000088e-03 7.293594921097396305e-04
2.542669999999999913e-03 5.631149317306609163e-04
2.555979999999999797e-03 4.267217240856027521e-04
2.569290000000000115e-03 3.158277470285304755e-04
2.582600000000000000e-03 2.267608306255736975e-04
2.595919999999999825e-03 1.558994083081540307e-04
2.609230000000000143e-03 1.004147469472304178e-04
2.622540000000000027e-03 5.738577450388930655e-05
2.635849999999999912e-03 2.481612730152838267e-05
2.649170000000000171e-03 0.000000000000000000e+00
