1.331239999999999980e-05 5.283572869069488753e+00
2.662479999999999960e-05 5.283568445581460438e+00
3.993720000000000110e-05 5.283572869067969080e+00
5.324959999999999920e-05 5.283568445578662676e+00
6.656200000000000408e-05 5.283572869062392208e+00
7.987440000000000219e-05 5.283568445566969807e+00
9.318669999999999330e-05 5.283572869037582720e+00
1.064989999999999980e-04 5.283568445513854961e+00
1.198119999999999974e-04 5.283572868924023780e+00
1.331240000000000082e-04 5.283568445272958769e+00
1.464360000000000054e-04 5.283572868415162382e+00
1.597489999999999913e-04 5.283568444216445670e+00
1.730609999999999885e-04 5.283572866230647591e+00
1.863730000000000128e-04 5.283568439805776507e+00
1.996859999999999987e-04 5.283572857350461227e+00
2.129979999999999959e-04 5.283568422427836531e+00
2.263110000000000089e-04 5.283572823400939811e+00
2.396230000000000061e-04 5.283568358155320333e+00
2.529349999999999763e-04 5.283572701850208553e+00
2.662480000000000163e-04 5.283568135742290117e+00
2.795599999999999865e-04 5.283572295327556567e+00
2.928730000000000265e-04 5.283567417214642958e+00
3.061849999999999967e-04 5.283571023525484023e+00
3.194970000000000210e-04 5.283565234971206337e+00
3.328100000000000069e-04 5.283567308548825281e+00
3.461219999999999770e-04 5.283559065566852730e+00
3.594350000000000171e-04 5.283557214427991866e+00
3.727469999999999872e-04 5.283542884576083232e+00
3.860590000000000115e-04 5.283531719996876319e+00
3.993719999999999974e-04 5.283503437716531081e+00
4.126840000000000217e-04 5.283471823292644309e+00
4.259970000000000076e-04 5.283414003484968369e+00
4.393089999999999777e-04 5.283340859529979561e+00
4.526210000000000021e-04 5.283225282995313243e+00
4.659339999999999879e-04 5.283074134751417184e+00
4.792460000000000123e-04 5.282854210839225573e+00
4.925590000000000523e-04 5.282567637017810291e+00
5.058709999999999683e-04 5.282173580735114449e+00
5.191829999999999926e-04 5.281669708271069297e+00
5.324960000000000327e-04 5.281007191858326344e+00
5.458079999999999486e-04 5.280181048834411861e+00
5.591199999999999729e-04 5.279136469284969380e+00
5.724330000000000130e-04 5.277868678823918636e+00
5.857450000000000373e-04 5.276321639581896150e+00
5.990579999999999690e-04 5.274494824279924998e+00
6.123699999999999933e-04 5.272337080290422584e+00
6.256820000000000177e-04 5.269855898860416055e+00
6.389949999999999493e-04 5.267010473370233647e+00
6.523069999999999737e-04 5.263818426105363990e+00
6.656200000000000137e-04 5.260252804233816804e+00
6.789320000000000381e-04 5.256339815172923480e+00
6.922439999999999540e-04 5.252065790890775965e+00
7.055569999999999941e-04 5.247461079463517031e+00
7.188690000000000184e-04 5.242521057501951631e+00
7.321819999999999501e-04 5.237276578827436246e+00
7.454939999999999744e-04 5.231724832532788305e+00
7.588059999999999987e-04 5.225895149763539749e+00
7.721190000000000388e-04 5.219780801470312426e+00
7.854309999999999547e-04 5.213410107651683667e+00
7.987439999999999948e-04 5.206772541156122536e+00
8.120560000000000191e-04 5.199895105172460674e+00
8.253680000000000435e-04 5.192766161904943445e+00
8.386809999999999751e-04 5.185409977620180300e+00
8.519929999999999995e-04 5.177814995575634960e+00
8.653050000000000238e-04 5.170001813645273891e+00
8.786179999999999555e-04 5.161950112949370784e+00
8.919299999999999798e-04 5.153673389300930552e+00
9.052430000000000199e-04 5.145132243677032591e+00
9.185550000000000442e-04 5.136325404433422115e+00
9.318669999999999601e-04 5.127182767956822929e+00
9.451800000000000002e-04 5.117682674478141180e+00
9.584920000000000245e-04 5.107718319377394955e+00
9.718049999999999562e-04 5.097250469484189139e+00
9.851169999999999805e-04 5.086137026176587028e+00
9.984289999999998964e-04 5.074330212754153635e+00
1.011739999999999905e-03 5.061667255779012997e+00
1.025050000000000006e-03 5.048103786276447735e+00
1.038370000000000048e-03 5.033467841780531415e+00
1.051679999999999933e-03 5.017752500436965413e+00
1.064990000000000034e-03 5.000814784855284856e+00
1.078299999999999918e-03 4.982650882985988794e+00
1.091619999999999960e-03 4.963162059579375729e+00
1.104930000000000061e-03 4.942402820683347464e+00
1.118239999999999946e-03 4.920328151181207588e+00
1.131550000000000047e-03 4.896989597359072910e+00
1.144870000000000089e-03 4.872386000318897459e+00
1.158179999999999973e-03 4.846623238290962199e+00
1.171490000000000075e-03 4.819727318443422170e+00
1.184799999999999959e-03 4.791772246412805636e+00
1.198120000000000001e-03 4.762783065575376007e+00
1.211430000000000102e-03 4.732868795589154409e+00
1.224739999999999987e-03 4.702028617617204809e+00
1.238050000000000088e-03 4.670308693645056408e+00
1.251359999999999972e-03 4.637683069446442374e+00
1.264680000000000014e-03 4.604145532096039162e+00
1.277989999999999899e-03 4.569661716192331191e+00
1.291300000000000000e-03 4.534195843076141763e+00
1.304610000000000101e-03 4.497604691808157362e+00
1.317929999999999926e-03 4.459826472049894797e+00
1.331240000000000027e-03 4.420732258546541615e+00
1.344549999999999912e-03 4.380248369137434317e+00
1.357860000000000013e-03 4.338176599812596734e+00
1.371180000000000055e-03 4.294445045284639662e+00
1.384489999999999939e-03 4.248947124060751257e+00
1.397800000000000041e-03 4.201632696130221944e+00
1.411109999999999925e-03 4.152391094404841887e+00
1.424429999999999967e-03 4.101203061108079417e+00
1.437740000000000068e-03 4.048118874594091920e+00
1.451049999999999953e-03 3.993158412372274757e+00
1.464360000000000054e-03 3.936381723363802987e+00
1.477680000000000096e-03 3.877839954700244451e+00
1.490989999999999980e-03 3.817751774539010157e+00
1.504300000000000082e-03 3.756192549987599882e+00
1.517609999999999966e-03 3.693338221903382124e+00
1.530930000000000008e-03 3.629272897703243128e+00
1.544239999999999892e-03 3.564289003793466026e+00
1.557549999999999994e-03 3.498470687839430049e+00
1.570860000000000095e-03 3.432015515212603507e+00
1.584169999999999979e-03 3.365049138828456687e+00
1.597490000000000021e-03 3.297705019577337193e+00
1.610799999999999906e-03 3.230196838875238452e+00
1.624110000000000007e-03 3.162627762641484264e+00
1.637420000000000108e-03 3.095089671048172342e+00
1.650739999999999933e-03 3.027636924096966275e+00
1.664050000000000034e-03 2.960432795951909224e+00
1.677359999999999919e-03 2.893462712310800544e+00
1.690670000000000020e-03 2.826751511434702824e+00
1.703990000000000062e-03 2.760208766697105798e+00
1.717299999999999946e-03 2.693921628765835408e+00
1.730610000000000048e-03 2.627733240672884385e+00
1.743919999999999932e-03 2.561602973016150919e+00
1.757239999999999974e-03 2.495341373740144419e+00
1.770550000000000075e-03 2.428998288433279473e+00
1.783859999999999960e-03 2.362396204397074317e+00
1.797170000000000061e-03 2.295499786316303137e+00
1.810490000000000103e-03 2.228188177779330648e+00
1.823799999999999987e-03 2.160562498408550969e+00
1.837110000000000088e-03 2.092586769862189389e+00
1.850419999999999973e-03 2.024307894303791322e+00
1.863730000000000074e-03 1.955830520802947836e+00
1.877049999999999899e-03 1.887193461530327854e+00
1.890360000000000000e-03 1.818655915868919726e+00
1.903670000000000102e-03 1.750298710498951360e+00
1.916979999999999986e-03 1.682444705945573160e+00
1.930300000000000028e-03 1.614983497993386807e+00
1.943609999999999912e-03 1.548239645785773222e+00
1.956920000000000014e-03 1.482336442298918699e+00
1.970229999999999898e-03 1.417399753794416517e+00
1.983550000000000157e-03 1.353447670818365367e+00
1.996860000000000041e-03 1.290657486756698002e+00
2.010169999999999926e-03 1.229019378508962923e+00
2.023479999999999810e-03 1.168565291877715406e+00
2.036800000000000069e-03 1.109262120688828235e+00
2.050109999999999953e-03 1.051210119514811803e+00
2.063419999999999838e-03 9.943663346462289221e-01
2.076730000000000156e-03 9.387523098593159032e-01
2.090049999999999981e-03 8.843368957698997113e-01
2.103359999999999865e-03 8.312541757172097201e-01
2.116670000000000183e-03 7.794922434864611782e-01
2.129980000000000068e-03 7.291371406657232157e-01
2.143299999999999893e-03 6.802013593481733844e-01
2.156610000000000211e-03 6.328647471321569018e-01
2.169920000000000095e-03 5.871516282113713459e-01
2.183229999999999980e-03 5.431669326245356366e-01
2.196539999999999864e-03 5.009695668046550976e-01
2.209860000000000123e-03 4.606130421212014658e-01
2.223170000000000007e-03 4.222005963882791146e-01
2.236479999999999892e-03 3.857522283294929077e-01
2.249790000000000210e-03 3.512861243054640203e-01
2.263110000000000035e-03 3.187913022226628867e-01
2.276419999999999919e-03 2.883082796306238871e-01
2.289729999999999804e-03 2.597942592976005827e-01
2.303040000000000122e-03 2.332175017365698544e-01
2.316359999999999947e-03 2.085165620658870345e-01
2.329669999999999831e-03 1.856787884306640435e-01
2.342980000000000149e-03 1.646266262262423286e-01
2.356290000000000034e-03 1.452973852301455426e-01
2.369609999999999859e-03 1.276075821447989478e-01
2.382920000000000177e-03 1.115122749411303904e-01
2.396230000000000061e-03 9.692088895460142239e-02
2.409539999999999946e-03 8.375568122094906309e-02
2.422860000000000204e-03 7.192549356532285110e-02
2.436170000000000089e-03 6.136626931740930824e-02
2.449479999999999973e-03 5.198524067142713118e-02
2.462789999999999858e-03 4.369864798823609731e-02
2.476100000000000176e-03 3.642351213328458986e-02
2.489420000000000001e-03 3.007244953304972004e-02
2.502729999999999885e-03 2.457499168826766944e-02
2.516040000000000203e-03 1.984766385784490078e-02
2.529350000000000088e-03 1.581549159559914736e-02
2.542669999999999913e-03 1.240239103288416286e-02
2.555979999999999797e-03 9.545079934620616727e-03
2.569290000000000115e-03 7.174110873075083619e-03
2.582600000000000000e-03 5.228732945970551715e-03
2.595919999999999825e-03 3.648249102905092543e-03
2.609230000000000143e-03 2.383057339040362248e-03
2.622540000000000027e-03 1.381016489472381347e-03
2.635849999999999912e-03 6.039217009066510716e-04
2.649170000000000171e-03 0.000000000000000000e+00
