1.331239999999999980e-05 1.085793968450133207e+03
2.662479999999999960e-05 1.068284058601807374e+03
3.993720000000000110e-05 1.057285379561244554e+03
5.324959999999999920e-05 1.048788753046251713e+03
6.656200000000000408e-05 1.041596350672355584e+03
7.987440000000000219e-05 1.035173887490695961e+03
9.318669999999999330e-05 1.029243663624363307e+03
1.064989999999999980e-04 1.023634152794276474e+03
1.198119999999999974e-04 1.018238941685957002e+03
1.331240000000000082e-04 1.012980160019185405e+03
1.464360000000000054e-04 1.007803825624813726e+03
1.597489999999999913e-04 1.002663707422903599e+03
1.730609999999999885e-04 9.975271862541089831e+02
1.863730000000000128e-04 9.923610704145849013e+02
1.996859999999999987e-04 9.871405546706210998e+02
2.129979999999999959e-04 9.818392328556441271e+02
2.263110000000000089e-04 9.764367726921389021e+02
2.396230000000000061e-04 9.709096382346102700e+02
2.529349999999999763e-04 9.652416408931771912e+02
2.662480000000000163e-04 9.594101810894198934e+02
2.795599999999999865e-04 9.534043218078007840e+02
2.928730000000000265e-04 9.472036317127023040e+02
3.061849999999999967e-04 9.408015510316936343e+02
3.194970000000000210e-04 9.341816928538490856e+02
3.328100000000000069e-04 9.273407153567738987e+02
3.461219999999999770e-04 9.202683275305095094e+02
3.594350000000000171e-04 9.129654161994635615e+02
3.727469999999999872e-04 9.054270159002785476e+02
3.860590000000000115e-04 8.976589462768160956e+02
3.993719999999999974e-04 8.896600384584057792e+02
4.126840000000000217e-04 8.814418766886000185e+02
4.259970000000000076e-04 8.730078043489089623e+02
4.393089999999999777e-04 8.643726782218373046e+02
4.526210000000000021e-04 8.555450504984214604e+02
4.659339999999999879e-04 8.465400305320908956e+02
4.792460000000000123e-04 8.373719988392474534e+02
4.925590000000000523e-04 8.280565720576271360e+02
5.058709999999999683e-04 8.186109754872296662e+02
5.191829999999999926e-04 8.090517946302637711e+02
5.324960000000000327e-04 7.993958740897353437e+02
5.458079999999999486e-04 7.896613134039388342e+02
5.591199999999999729e-04 7.798653973038893810e+02
5.724330000000000130e-04 7.700224926556363698e+02
5.857450000000000373e-04 7.601511309359682400e+02
5.990579999999999690e-04 7.502624107637726638e+02
6.123699999999999933e-04 7.403722901234922347e+02
6.256820000000000177e-04 7.304891433911880085e+02
6.389949999999999493e-04 7.206223319295683041e+02
6.523069999999999737e-04 7.107783263536779259e+02
6.656200000000000137e-04 7.009598142005504542e+02
6.789320000000000381e-04 6.911688800678607549e+02
6.922439999999999540e-04 6.814020777484423661e+02
7.055569999999999941e-04 6.716552788222791150e+02
7.188690000000000184e-04 6.619206001110397892e+02
7.321819999999999501e-04 6.521903018399650591e+02
7.454939999999999744e-04 6.424514368951588494e+02
7.588059999999999987e-04 6.326958056183326562e+02
7.721190000000000388e-04 6.229059744684486759e+02
7.854309999999999547e-04 6.130768683120634250e+02
7.987439999999999948e-04 6.031914117054274129e+02
8.120560000000000191e-04 5.932473021638166983e+02
8.253680000000000435e-04 5.832326973746329486e+02
8.386809999999999751e-04 5.731470071004870306e+02
8.519929999999999995e-04 5.629875442500779172e+02
8.653050000000000238e-04 5.527579835635517611e+02
8.786179999999999555e-04 5.424610630040710930e+02
8.919299999999999798e-04 5.321065475612941782e+02
9.052430000000000199e-04 5.217033142882448828e+02
9.185550000000000442e-04 5.112637155024709728e+02
9.318669999999999601e-04 5.008023371053368464e+02
9.451800000000000002e-04 4.903302869191225000e+02
9.584920000000000245e-04 4.798669610152638825e+02
9.718049999999999562e-04 4.694224991363074651e+02
9.851169999999999805e-04 4.590164576395703193e+02
9.984289999999998964e-04 4.486586433609132314e+02
1.011739999999999905e-03 4.383664388515002202e+02
1.025050000000000006e-03 4.281489063359848046e+02
1.038370000000000048e-03 4.180122341465785780e+02
1.051679999999999933e-03 4.079791184124201777e+02
1.064990000000000034e-03 3.980539069260927931e+02
1.078299999999999918e-03 3.882439010139954689e+02
1.091619999999999960e-03 3.785537306660804120e+02
1.104930000000000061e-03 3.689990429268143544e+02
1.118239999999999946e-03 3.595839309044586685e+02
1.131550000000000047e-03 3.503117563687332563e+02
1.144870000000000089e-03 3.411834072031841174e+02
1.158179999999999973e-03 3.322142457209860709e+02
1.171490000000000075e-03 3.234030356683184095e+02
1.184799999999999959e-03 3.147500319691093864e+02
1.198120000000000001e-03 3.062517328394267224e+02
1.211430000000000102e-03 2.979195295799253813e+02
1.224739999999999987e-03 2.897467275897557784e+02
1.238050000000000088e-03 2.817303908047522896e+02
1.251359999999999972e-03 2.738671018575586800e+02
1.264680000000000014e-03 2.661468478251621832e+02
1.277989999999999899e-03 2.585751348363408511e+02
1.291300000000000000e-03 2.511410383979365690e+02
1.304610000000000101e-03 2.438366480990607101e+02
1.317929999999999926e-03 2.366511190173443424e+02
1.331240000000000027e-03 2.295866032443307745e+02
1.344549999999999912e-03 2.226323833696636996e+02
1.357860000000000013e-03 2.157801748924349567e+02
1.371180000000000055e-03 2.090202668722813826e+02
1.384489999999999939e-03 2.023558707293524606e+02
1.397800000000000041e-03 1.957782523924610416e+02
1.411109999999999925e-03 1.892825877257749028e+02
1.424429999999999967e-03 1.828617571869687879e+02
1.437740000000000068e-03 1.765232848094983922e+02
1.451049999999999953e-03 1.702615026151221969e+02
1.464360000000000054e-03 1.640773661135411317e+02
1.477680000000000096e-03 1.579670305369996584e+02
1.490989999999999980e-03 1.519437892335558047e+02
1.504300000000000082e-03 1.460052492521675447e+02
1.517609999999999966e-03 1.401584729398737466e+02
1.530930000000000008e-03 1.344026188430867705e+02
1.544239999999999892e-03 1.287557116104338775e+02
1.557549999999999994e-03 1.232177251501977935e+02
1.570860000000000095e-03 1.177994045089745612e+02
1.584169999999999979e-03 1.125053477568409619e+02
1.597490000000000021e-03 1.073425876969461825e+02
1.610799999999999906e-03 1.023230804621953354e+02
1.624110000000000007e-03 9.745274230366074164e+01
1.637420000000000108e-03 9.273477318181492990e+01
1.650739999999999933e-03 8.817331369133108865e+01
1.664050000000000034e-03 8.377693510100935725e+01
1.677359999999999919e-03 7.954679295741475187e+01
1.690670000000000020e-03 7.548288034797927537e+01
1.703990000000000062e-03 7.158358483807138839e+01
1.717299999999999946e-03 6.785300480867364570e+01
1.730610000000000048e-03 6.428647692602613972e+01
1.743919999999999932e-03 6.088068902452541664e+01
1.757239999999999974e-03 5.762895935154803340e+01
1.770550000000000075e-03 5.453163999023853137e+01
1.783859999999999960e-03 5.158031982092668244e+01
1.797170000000000061e-03 4.876967217110982489e+01
1.810490000000000103e-03 4.609074436718646695e+01
1.823799999999999987e-03 4.354184194238607120e+01
1.837110000000000088e-03 4.111374652867760915e+01
1.850419999999999973e-03 3.880071190123241109e+01
1.863730000000000074e-03 3.659578530732246548e+01
1.877049999999999899e-03 3.449194068790661305e+01
1.890360000000000000e-03 3.248599026083830665e+01
1.903670000000000102e-03 3.057146184146820289e+01
1.916979999999999986e-03 2.874290507772133552e+01
1.930300000000000028e-03 2.699476383424783776e+01
1.943609999999999912e-03 2.532530278015017799e+01
1.956920000000000014e-03 2.372971100113916521e+01
1.970229999999999898e-03 2.220477846829360047e+01
1.983550000000000157e-03 2.074666388052939325e+01
1.996860000000000041e-03 1.935542615025426727e+01
2.010169999999999926e-03 1.802793020956655567e+01
2.023479999999999810e-03 1.676294614456627485e+01
2.036800000000000069e-03 1.555808780383883416e+01
2.050109999999999953e-03 1.441453370640340204e+01
2.063419999999999838e-03 1.333028450137417309e+01
2.076730000000000156e-03 1.230494742207885039e+01
2.090049999999999981e-03 1.133686355129647261e+01
2.103359999999999865e-03 1.042695724474875441e+01
2.116670000000000183e-03 9.573530242688960357e+00
2.129980000000000068e-03 8.775635295816833548e+00
2.143299999999999893e-03 8.031517925000322577e+00
2.156610000000000211e-03 7.340752862561620518e+00
2.169920000000000095e-03 6.701272290965877509e+00
2.183229999999999980e-03 6.110890247880894854e+00
2.196539999999999864e-03 5.567740229550250497e+00
2.209860000000000123e-03 5.068743644159729556e+00
2.223170000000000007e-03 4.612447769320108470e+00
2.236479999999999892e-03 4.195448666376756286e+00
2.249790000000000210e-03 3.815323693653335013e+00
2.263110000000000035e-03 3.468663278438583131e+00
2.276419999999999919e-03 3.153495445924267671e+00
2.289729999999999804e-03 2.866525408083369530e+00
2.303040000000000122e-03 2.605344065618688809e+00
2.316359999999999947e-03 2.367032469672846418e+00
2.329669999999999831e-03 2.149758980638761585e+00
2.342980000000000149e-03 1.951037286492954825e+00
2.356290000000000034e-03 1.768992200808697790e+00
2.369609999999999859e-03 1.601673232230008459e+00
2.382920000000000177e-03 1.447818650673464491e+00
2.396230000000000061e-03 1.305951914364774424e+00
2.409539999999999946e-03 1.174913744011505168e+00
2.422860000000000204e-03 1.053661156158269385e+00
2.436170000000000089e-03 9.415234733204874695e-01
2.449479999999999973e-03 8.377571281467472986e-01
2.462789999999999858e-03 7.417415191666378860e-01
2.476100000000000176e-03 6.530149057881059482e-01
2.489420000000000001e-03 5.710510918750416609e-01
2.502729999999999885e-03 4.956120752139888674e-01
2.516040000000000203e-03 4.262636527463936620e-01
2.529350000000000088e-03 3.626878213502581216e-01
2.542669999999999913e-03 3.045120429423288089e-01
2.555979999999999797e-03 2.515226049031843991e-01
2.569290000000000115e-03 2.033696093941257665e-01
2.582600000000000000e-03 1.597620289160533169e-01
2.595919999999999825e-03 1.203777038563032392e-01
2.609230000000000143e-03 8.499799298203264408e-02
2.622540000000000027e-03 5.331785881893139067e-02
2.635849999999999912e-03 2.509836088838908116e-02
2.649170000000000171e-03 0.000000000000000000e+00
