1.331239999999999980e-05 8.544603187949651328e+02
2.662479999999999960e-05 8.528940780359796463e+02
3.993720000000000110e-05 8.517678221282983486e+02
5.324959999999999920e-05 8.507862830359796362e+02
6.656200000000000408e-05 8.498644647949649880e+02
7.987440000000000219e-05 8.489560375915351642e+02
9.318669999999999330e-05 8.480425095646613727e+02
1.064989999999999980e-04 8.471035963935362361e+02
1.198119999999999974e-04 8.461331329470442597e+02
1.331240000000000082e-04 8.451174818282021306e+02
1.464360000000000054e-04 8.440539707498384132e+02
1.597489999999999913e-04 8.429307189904521920e+02
1.730609999999999885e-04 8.417461205543075948e+02
1.863730000000000128e-04 8.404884553086476444e+02
1.996859999999999987e-04 8.391555167958044876e+02
2.129979999999999959e-04 8.377350726368647429e+02
2.263110000000000089e-04 8.362238479098463131e+02
2.396230000000000061e-04 8.346082189995538556e+02
2.529349999999999763e-04 8.328838181041257940e+02
2.662480000000000163e-04 8.310348270171467675e+02
2.795599999999999865e-04 8.290561549488954824e+02
2.928730000000000265e-04 8.269298315588306423e+02
3.061849999999999967e-04 8.246500346488728610e+02
3.194970000000000210e-04 8.221971188022338310e+02
3.328100000000000069e-04 8.195645927082408662e+02
3.461219999999999770e-04 8.167321884228508679e+02
3.594350000000000171e-04 8.136939191619422900e+02
3.727469999999999872e-04 8.104294781684376403e+02
3.860590000000000115e-04 8.069349738489769379e+02
3.993719999999999974e-04 8.031907616616207406e+02
4.126840000000000217e-04 7.991969720585882442e+02
4.259970000000000076e-04 7.949367783136958678e+02
4.393089999999999777e-04 7.904146481045138444e+02
4.526210000000000021e-04 7.856189146257768243e+02
4.659339999999999879e-04 7.805577938749762552e+02
4.792460000000000123e-04 7.752269050620782309e+02
4.925590000000000523e-04 7.696384615010855441e+02
5.058709999999999683e-04 7.637946152550107399e+02
5.191829999999999926e-04 7.577113268304818803e+02
5.324960000000000327e-04 7.513948097369058132e+02
5.458079999999999486e-04 7.448641100131217172e+02
5.591199999999999729e-04 7.381285300184562175e+02
5.724330000000000130e-04 7.312052292205576123e+02
5.857450000000000373e-04 7.241053174612388830e+02
5.990579999999999690e-04 7.168429756950863521e+02
6.123699999999999933e-04 7.094265835857795537e+02
6.256820000000000177e-04 7.018670190913553597e+02
6.389949999999999493e-04 6.941658481837090449e+02
6.523069999999999737e-04 6.863313563249018898e+02
6.656200000000000137e-04 6.783581181428148739e+02
6.789320000000000381e-04 6.702506172789511538e+02
6.922439999999999540e-04 6.619979027433022338e+02
7.055569999999999941e-04 6.536001179241407044e+02
7.188690000000000184e-04 6.450438609165177013e+02
7.321819999999999501e-04 6.363278105003028031e+02
7.454939999999999744e-04 6.274372248491855544e+02
7.588059999999999987e-04 6.183725674024083219e+02
7.721190000000000388e-04 6.091189408861192760e+02
7.854309999999999547e-04 5.996817998038164887e+02
7.987439999999999948e-04 5.900505130521138426e+02
8.120560000000000191e-04 5.802347392511546786e+02
8.253680000000000435e-04 5.702318962350906304e+02
8.386809999999999751e-04 5.600540823159254842e+02
8.519929999999999995e-04 5.497095973662904953e+02
8.653050000000000238e-04 5.392148420774432225e+02
8.786179999999999555e-04 5.285843405470156995e+02
8.919299999999999798e-04 5.178402775018845432e+02
9.052430000000000199e-04 5.070034684889621985e+02
9.185550000000000442e-04 4.960981569694133100e+02
9.318669999999999601e-04 4.851507218835400863e+02
9.451800000000000002e-04 4.741833117888650122e+02
9.584920000000000245e-04 4.632266029352746273e+02
9.718049999999999562e-04 4.523006739010094179e+02
9.851169999999999805e-04 4.414349848470737356e+02
9.984289999999998964e-04 4.306471667146336131e+02
1.011739999999999905e-03 4.199601667124948676e+02
1.025050000000000006e-03 4.093945208793933261e+02
1.038370000000000048e-03 3.989651253599127472e+02
1.051679999999999933e-03 3.886813665433144251e+02
1.064990000000000034e-03 3.785584035368988225e+02
1.078299999999999918e-03 3.686009919137555357e+02
1.091619999999999960e-03 3.588094837278940190e+02
1.104930000000000061e-03 3.491981554339529907e+02
1.118239999999999946e-03 3.397623344685158600e+02
1.131550000000000047e-03 3.304991655601933758e+02
1.144870000000000089e-03 3.214000673368398111e+02
1.158179999999999973e-03 3.124742271216844074e+02
1.171490000000000075e-03 3.037104485204880575e+02
1.184799999999999959e-03 2.951037005775332887e+02
1.198120000000000001e-03 2.866428438029771542e+02
1.211430000000000102e-03 2.783360077062317828e+02
1.224739999999999987e-03 2.701734172224450958e+02
1.238050000000000088e-03 2.621516987439639479e+02
1.251359999999999972e-03 2.542702953511414705e+02
1.264680000000000014e-03 2.465216738130256999e+02
1.277989999999999899e-03 2.389203747554011557e+02
1.291300000000000000e-03 2.314604355088139300e+02
1.304610000000000101e-03 2.241479133117829861e+02
1.317929999999999926e-03 2.169785131541090948e+02
1.331240000000000027e-03 2.099709715502301322e+02
1.344549999999999912e-03 2.031213514422437356e+02
1.357860000000000013e-03 1.964376827129501351e+02
1.371180000000000055e-03 1.899160138417077519e+02
1.384489999999999939e-03 1.835721721492622862e+02
1.397800000000000041e-03 1.774008291119455976e+02
1.411109999999999925e-03 1.714044185277919894e+02
1.424429999999999967e-03 1.655762940169445017e+02
1.437740000000000068e-03 1.599233122959125524e+02
1.451049999999999953e-03 1.544369113418481163e+02
1.464360000000000054e-03 1.491112259598708079e+02
1.477680000000000096e-03 1.439367453272933517e+02
1.490989999999999980e-03 1.389127402590118265e+02
1.504300000000000082e-03 1.340290037798526726e+02
1.517609999999999966e-03 1.292762154438153459e+02
1.530930000000000008e-03 1.246447873433728546e+02
1.544239999999999892e-03 1.201332945592474601e+02
1.557549999999999994e-03 1.157330738887942800e+02
1.570860000000000095e-03 1.114378384989273343e+02
1.584169999999999979e-03 1.072437090054109774e+02
1.597490000000000021e-03 1.031438408755064984e+02
1.610799999999999906e-03 9.914173760020446480e+01
1.624110000000000007e-03 9.523266527003292481e+01
1.637420000000000108e-03 9.141489868700267607e+01
1.650739999999999933e-03 8.768523307778787057e+01
1.664050000000000034e-03 8.404803134812479470e+01
1.677359999999999919e-03 8.050051052462156065e+01
1.690670000000000020e-03 7.704152116320047128e+01
1.703990000000000062e-03 7.366848232817227426e+01
1.717299999999999946e-03 7.038522074600174960e+01
1.730610000000000048e-03 6.718903571544385045e+01
1.743919999999999932e-03 6.407866025371711771e+01
1.757239999999999974e-03 6.105186260652708796e+01
1.770550000000000075e-03 5.811205287155838306e+01
1.783859999999999960e-03 5.525762450443725982e+01
1.797170000000000061e-03 5.248776799578085672e+01
1.810490000000000103e-03 4.980195014632001715e+01
1.823799999999999987e-03 4.720376602555373324e+01
1.837110000000000088e-03 4.469334832861103024e+01
1.850419999999999973e-03 4.227049208448909923e+01
1.863730000000000074e-03 3.993748799355942225e+01
1.877049999999999899e-03 3.769243410983843745e+01
1.890360000000000000e-03 3.554042817515482255e+01
1.903670000000000102e-03 3.347923820899803360e+01
1.916979999999999986e-03 3.150943943699062544e+01
1.930300000000000028e-03 2.962845912553405725e+01
1.943609999999999912e-03 2.783826820912079825e+01
1.956920000000000014e-03 2.613557683171329415e+01
1.970229999999999898e-03 2.451814898006324839e+01
1.983550000000000157e-03 2.298227999365253993e+01
1.996860000000000041e-03 2.152700010162542910e+01
2.010169999999999926e-03 2.014814330890501992e+01
2.023479999999999810e-03 1.884181571551965106e+01
2.036800000000000069e-03 1.760384769906006142e+01
2.050109999999999953e-03 1.643200899459606390e+01
2.063419999999999838e-03 1.532216521992554448e+01
2.076730000000000156e-03 1.427036550437435380e+01
2.090049999999999981e-03 1.327283734627371992e+01
2.103359999999999865e-03 1.232751939941059405e+01
2.116670000000000183e-03 1.143096280090886907e+01
2.129980000000000068e-03 1.058017738183479928e+01
2.143299999999999893e-03 9.772281940033712644e+00
2.156610000000000211e-03 9.006191172149263124e+00
2.169920000000000095e-03 8.279523455446330615e+00
2.183229999999999980e-03 7.590722130323229067e+00
2.196539999999999864e-03 6.938534751836481718e+00
2.209860000000000123e-03 6.321639016861855254e+00
2.223170000000000007e-03 5.740161700802202560e+00
2.236479999999999892e-03 5.193288380380113978e+00
2.249790000000000210e-03 4.680529108337542432e+00
2.263110000000000035e-03 4.201363721939549656e+00
2.276419999999999919e-03 3.756122262360094499e+00
2.289729999999999804e-03 3.344143753739710512e+00
2.303040000000000122e-03 2.964906709823194930e+00
2.316359999999999947e-03 2.617429528908794989e+00
2.329669999999999831e-03 2.301397843098839768e+00
2.342980000000000149e-03 2.015302962199070347e+00
2.356290000000000034e-03 1.757909250400591761e+00
2.369609999999999859e-03 1.527310809145349335e+00
2.382920000000000177e-03 1.322255739235926653e+00
2.396230000000000061e-03 1.140547446168281853e+00
2.409539999999999946e-03 9.803583644470355019e-01
2.422860000000000204e-03 8.394975638317440092e-01
2.436170000000000089e-03 7.163016936034829474e-01
2.449479999999999973e-03 6.087421253375724373e-01
2.462789999999999858e-03 5.150643346971501835e-01
2.476100000000000176e-03 4.336377134070678041e-01
2.489420000000000001e-03 3.628998586337347509e-01
2.502729999999999885e-03 3.016613919652711417e-01
2.516040000000000203e-03 2.486553014598004707e-01
2.529350000000000088e-03 2.028960542485727936e-01
2.542669999999999913e-03 1.634158737697284369e-01
2.555979999999999797e-03 1.295368874963153671e-01
2.569290000000000115e-03 1.005174979607240116e-01
2.582600000000000000e-03 7.579702828821736904e-02
2.595919999999999825e-03 5.481142405599093853e-02
2.609230000000000143e-03 3.715060459513722102e-02
2.622540000000000027e-03 2.236518737372800159e-02
2.635849999999999912e-03 1.012993786666530581e-02
2.649170000000000171e-03 0.000000000000000000e+00
