1.331239999999999980e-05 6.162507376861644515e-01
2.662479999999999960e-05 6.162506754364938111e-01
3.993720000000000110e-05 6.162507376861454667e-01
5.324959999999999920e-05 6.162506754364526218e-01
6.656200000000000408e-05 6.162507376860516528e-01
7.987440000000000219e-05 6.162506754362252481e-01
9.318669999999999330e-05 6.162507376855057561e-01
1.064989999999999980e-04 6.162506754348875404e-01
1.198119999999999974e-04 6.162507376822952132e-01
1.331240000000000082e-04 6.162506754271670495e-01
1.464360000000000054e-04 6.162507376641198631e-01
1.597489999999999913e-04 6.162506753847877272e-01
1.730609999999999885e-04 6.162507375671661958e-01
1.863730000000000128e-04 6.162506751670119298e-01
1.996859999999999987e-04 6.162507370854969357e-01
2.129979999999999959e-04 6.162506741283427791e-01
2.263110000000000089e-04 6.162507348724529654e-01
2.396230000000000061e-04 6.162506695558229719e-01
2.529349999999999763e-04 6.162507255109606064e-01
2.662480000000000163e-04 6.162506510408850557e-01
2.795599999999999865e-04 6.162506891561045919e-01
2.928730000000000265e-04 6.162505822571379133e-01
3.061849999999999967e-04 6.162505598273027019e-01
3.194970000000000210e-04 6.162503482149603862e-01
3.328100000000000069e-04 6.162501373506498181e-01
3.461219999999999770e-04 6.162496123033498474e-01
3.594350000000000171e-04 6.162488726162809183e-01
3.727469999999999872e-04 6.162474992271145258e-01
3.860590000000000115e-04 6.162454195480877583e-01
3.993719999999999974e-04 6.162419868401108891e-01
4.126840000000000217e-04 6.162368311070824944e-01
4.259970000000000076e-04 6.162288913671172264e-01
4.393089999999999777e-04 6.162173626686310302e-01
4.526210000000000021e-04 6.162005458835027039e-01
4.659339999999999879e-04 6.161771207428272668e-01
4.792460000000000123e-04 6.161445914428288484e-01
4.925590000000000523e-04 6.161012110281559595e-01
5.058709999999999683e-04 6.160437488160895869e-01
5.191829999999999926e-04 6.159703700986997044e-01
5.324960000000000327e-04 6.158775282860693423e-01
5.458079999999999486e-04 6.157638640125134843e-01
5.591199999999999729e-04 6.156263308244116494e-01
5.724330000000000130e-04 6.154645664538745953e-01
5.857450000000000373e-04 6.152769709371200824e-01
5.990579999999999690e-04 6.150644868479113736e-01
6.123699999999999933e-04 6.148275077969445057e-01
6.256820000000000177e-04 6.145681322960051540e-01
6.389949999999999493e-04 6.142885200770108467e-01
6.523069999999999737e-04 6.139913274732554660e-01
6.656200000000000137e-04 6.136795518976279062e-01
6.789320000000000381e-04 6.133554870410649063e-01
6.922439999999999540e-04 6.130216139696785804e-01
7.055569999999999941e-04 6.126790292140269489e-01
7.188690000000000184e-04 6.123284671574820148e-01
7.321819999999999501e-04 6.119694957463659435e-01
7.454939999999999744e-04 6.116003279484952815e-01
7.588059999999999987e-04 6.112191893960940980e-01
7.721190000000000388e-04 6.108218175991304566e-01
7.854309999999999547e-04 6.104057674832572555e-01
7.987439999999999948e-04 6.099653574190460059e-01
8.120560000000000191e-04 6.094983158837272708e-01
8.253680000000000435e-04 6.089992406077625597e-01
8.386809999999999751e-04 6.084668465913187774e-01
8.519929999999999995e-04 6.078978003275310460e-01
8.653050000000000238e-04 6.072924482369576049e-01
8.786179999999999555e-04 6.066502879113522262e-01
8.919299999999999798e-04 6.059733502753917866e-01
9.052430000000000199e-04 6.052638408426610495e-01
9.185550000000000442e-04 6.045247099359341014e-01
9.318669999999999601e-04 6.037597660348748008e-01
9.451800000000000002e-04 6.029719260126980007e-01
9.584920000000000245e-04 6.021653251767852266e-01
9.718049999999999562e-04 6.013424271697627166e-01
9.851169999999999805e-04 6.005066932365117349e-01
9.984289999999998964e-04 5.996600813249124418e-01
1.011739999999999905e-03 5.988050808754507015e-01
1.025050000000000006e-03 5.979430386823544330e-01
1.038370000000000048e-03 5.970744646289993796e-01
1.051679999999999933e-03 5.962010089613482000e-01
1.064990000000000034e-03 5.953210937142575654e-01
1.078299999999999918e-03 5.944335188851521679e-01
1.091619999999999960e-03 5.935332175884664441e-01
1.104930000000000061e-03 5.926184360895473402e-01
1.118239999999999946e-03 5.916798660733570969e-01
1.131550000000000047e-03 5.907127200088025942e-01
1.144870000000000089e-03 5.897040742241954625e-01
1.158179999999999973e-03 5.886498008922311787e-01
1.171490000000000075e-03 5.875352691149542395e-01
1.184799999999999959e-03 5.863549366880433933e-01
1.198120000000000001e-03 5.850941460612305578e-01
1.211430000000000102e-03 5.837498363185215089e-01
1.224739999999999987e-03 5.823079592566824392e-01
1.238050000000000088e-03 5.807639692004404885e-01
1.251359999999999972e-03 5.791045301057797801e-01
1.264680000000000014e-03 5.773236019586028833e-01
1.277989999999999899e-03 5.754091841172477295e-01
1.291300000000000000e-03 5.733547616013884296e-01
1.304610000000000101e-03 5.711444471086977170e-01
1.317929999999999926e-03 5.687714260516967268e-01
1.331240000000000027e-03 5.662239776707723715e-01
1.344549999999999912e-03 5.634963764335978453e-01
1.357860000000000013e-03 5.605765565611743328e-01
1.371180000000000055e-03 5.574603978074075261e-01
1.384489999999999939e-03 5.541454261833578254e-01
1.397800000000000041e-03 5.506297292864930082e-01
1.411109999999999925e-03 5.469106778973796823e-01
1.424429999999999967e-03 5.429874108857367654e-01
1.437740000000000068e-03 5.388655057040667717e-01
1.451049999999999953e-03 5.345443729135552768e-01
1.464360000000000054e-03 5.300233238336119479e-01
1.477680000000000096e-03 5.253005036909145220e-01
1.490989999999999980e-03 5.203801435174929546e-01
1.504300000000000082e-03 5.152589864604970593e-01
1.517609999999999966e-03 5.099315883622081991e-01
1.530930000000000008e-03 5.043928706369211756e-01
1.544239999999999892e-03 4.986436229490404659e-01
1.557549999999999994e-03 4.926777236732780008e-01
1.570860000000000095e-03 4.864864598572757881e-01
1.584169999999999979e-03 4.800676223744037019e-01
1.597490000000000021e-03 4.734076920890337159e-01
1.610799999999999906e-03 4.665153472681713986e-01
1.624110000000000007e-03 4.593798152851159000e-01
1.637420000000000108e-03 4.520022066952450457e-01
1.650739999999999933e-03 4.443781044237168909e-01
1.664050000000000034e-03 4.365243918320967365e-01
1.677359999999999919e-03 4.284472907198177416e-01
1.690670000000000020e-03 4.201578641564575611e-01
1.703990000000000062e-03 4.116733954297652764e-01
1.717299999999999946e-03 4.030231246251535504e-01
1.730610000000000048e-03 3.942322744038463944e-01
1.743919999999999932e-03 3.853200556464101423e-01
1.757239999999999974e-03 3.763124006045012737e-01
1.770550000000000075e-03 3.672409349621411634e-01
1.783859999999999960e-03 3.581248462605555738e-01
1.797170000000000061e-03 3.489778922485948787e-01
1.810490000000000103e-03 3.398083824050829871e-01
1.823799999999999987e-03 3.306380241931646258e-01
1.837110000000000088e-03 3.214653880464594660e-01
1.850419999999999973e-03 3.122937801750148568e-01
1.863730000000000074e-03 3.031240217911954082e-01
1.877049999999999899e-03 2.939506415110636484e-01
1.890360000000000000e-03 2.847892801573861932e-01
1.903670000000000102e-03 2.756352832296272148e-01
1.916979999999999986e-03 2.664950514309843421e-01
1.930300000000000028e-03 2.573664117294631737e-01
1.943609999999999912e-03 2.482733581186935268e-01
1.956920000000000014e-03 2.392169381844447273e-01
1.970229999999999898e-03 2.302217107167554844e-01
1.983550000000000157e-03 2.212755030471253992e-01
1.996860000000000041e-03 2.124088901010555697e-01
2.010169999999999926e-03 2.036304700303246951e-01
2.023479999999999810e-03 1.949520645700440480e-01
2.036800000000000069e-03 1.863743302486920994e-01
2.050109999999999953e-03 1.779195794680343834e-01
2.063419999999999838e-03 1.695869393559942817e-01
2.076730000000000156e-03 1.613815478158610872e-01
2.090049999999999981e-03 1.533006168266423663e-01
2.103359999999999865e-03 1.453587130695908891e-01
2.116670000000000183e-03 1.375514589520184794e-01
2.129980000000000068e-03 1.298814005523861725e-01
2.143299999999999893e-03 1.223446065691609491e-01
2.156610000000000211e-03 1.149577298558426969e-01
2.169920000000000095e-03 1.077185937402074800e-01
2.183229999999999980e-03 1.006368023105202320e-01
2.196539999999999864e-03 9.371865487858031807e-02
2.209860000000000123e-03 8.697324070610974733e-02
2.223170000000000007e-03 8.041962279002350111e-02
2.236479999999999892e-03 7.407042248969118725e-02
2.249790000000000210e-03 6.793668750006981449e-02
2.263110000000000035e-03 6.203336652571582455e-02
2.276419999999999919e-03 5.638125683557580758e-02
2.289729999999999804e-03 5.099470461621180561e-02
2.303040000000000122e-03 4.588485184967278779e-02
2.316359999999999947e-03 4.106342439100717223e-02
2.329669999999999831e-03 3.654599471891920720e-02
2.342980000000000149e-03 3.233815127099728959e-02
2.356290000000000034e-03 2.844340536856284490e-02
2.369609999999999859e-03 2.486024124557744547e-02
2.382920000000000177e-03 2.159138362800640948e-02
2.396230000000000061e-03 1.862732421358291243e-02
2.409539999999999946e-03 1.595912500632193365e-02
2.422860000000000204e-03 1.357170728728861187e-02
2.436170000000000089e-03 1.145460241422771239e-02
2.449479999999999973e-03 9.588876583273656454e-03
2.462789999999999858e-03 7.957260214211867716e-03
2.476100000000000176e-03 6.541048219277552540e-03
2.489420000000000001e-03 5.320882084570531870e-03
2.502729999999999885e-03 4.279962639735798192e-03
2.516040000000000203e-03 3.399278081050035108e-03
2.529350000000000088e-03 2.661342986225499405e-03
2.542669999999999913e-03 2.048754021809956472e-03
2.555979999999999797e-03 1.546730002977418292e-03
2.569290000000000115e-03 1.139598458240946187e-03
2.582600000000000000e-03 8.138464585407106239e-04
2.595919999999999825e-03 5.561262973848204311e-04
2.609230000000000143e-03 3.557828008701067394e-04
2.622540000000000027e-03 2.018311023124362731e-04
2.635849999999999912e-03 8.666791121111229034e-05
2.649170000000000171e-03 0.000000000000000000e+00
