1.331239999999999980e-05 8.231449375057694340e+01
2.662479999999999960e-05 8.231440606885757916e+01
3.993720000000000110e-05 8.231449374629495708e+01
5.324959999999999920e-05 8.231440606241690716e+01
6.656200000000000408e-05 8.231449373548602466e+01
7.987440000000000219e-05 8.231440604363788793e+01
9.318669999999999330e-05 8.231449370165822188e+01
1.064989999999999980e-04 8.231440598296738642e+01
1.198119999999999974e-04 8.231449359080195904e+01
1.331240000000000082e-04 8.231440578403942254e+01
1.464360000000000054e-04 8.231449322939798208e+01
1.597489999999999913e-04 8.231440514331694658e+01
1.730609999999999885e-04 8.231449208283858354e+01
1.863730000000000128e-04 8.231440314806162917e+01
1.996859999999999987e-04 8.231448858414564995e+01
2.129979999999999959e-04 8.231439719183947545e+01
2.263110000000000089e-04 8.231447835489537113e+01
2.396230000000000061e-04 8.231438011084699724e+01
2.529349999999999763e-04 8.231444985361582667e+01
2.662480000000000163e-04 8.231433361730643128e+01
2.795599999999999865e-04 8.231437453013927552e+01
2.928730000000000265e-04 8.231421387310192017e+01
3.061849999999999967e-04 8.231418605492081042e+01
3.194970000000000210e-04 8.231392210754438565e+01
3.328100000000000069e-04 8.231373983514538395e+01
3.461219999999999770e-04 8.231324983640031689e+01
3.594350000000000171e-04 8.231274075513704247e+01
3.727469999999999872e-04 8.231178547073159280e+01
3.860590000000000115e-04 8.231062562173768526e+01
3.993719999999999974e-04 8.230876981934237335e+01
4.126840000000000217e-04 8.230639071178877941e+01
4.259970000000000076e-04 8.230289738247732600e+01
4.393089999999999777e-04 8.229837059782759923e+01
4.526210000000000021e-04 8.229208037269626175e+01
4.659339999999999879e-04 8.228399803520650835e+01
4.792460000000000123e-04 8.227322153245701486e+01
4.925590000000000523e-04 8.225961329852546555e+01
5.058709999999999683e-04 8.224208515568507494e+01
5.191829999999999926e-04 8.222041945413283770e+01
5.324960000000000327e-04 8.219336209072579891e+01
5.458079999999999486e-04 8.216067884103695462e+01
5.591199999999999729e-04 8.212102942163065222e+01
5.724330000000000130e-04 8.207423470544252098e+01
5.857450000000000373e-04 8.201900191561310294e+01
5.990579999999999690e-04 8.195530014411806974e+01
6.123699999999999933e-04 8.188202668843456422e+01
6.256820000000000177e-04 8.179937694464712195e+01
6.389949999999999493e-04 8.170654528706927522e+01
6.523069999999999737e-04 8.160398925384093616e+01
6.656200000000000137e-04 8.149125941043621424e+01
6.789320000000000381e-04 8.136901040907282834e+01
6.922439999999999540e-04 8.123710232400078723e+01
7.055569999999999941e-04 8.109623759904010853e+01
7.188690000000000184e-04 8.094642672551989904e+01
7.321819999999999501e-04 8.078827409553679217e+01
7.454939999999999744e-04 8.062164381326863349e+01
7.588059999999999987e-04 8.044690767995837177e+01
7.721190000000000388e-04 8.026345880153192525e+01
7.854309999999999547e-04 8.007135734896252188e+01
7.987439999999999948e-04 7.986933854827225332e+01
8.120560000000000191e-04 7.965709194249457425e+01
8.253680000000000435e-04 7.943265392427291260e+01
8.386809999999999751e-04 7.919537155810965601e+01
8.519929999999999995e-04 7.894273819021636029e+01
8.653050000000000238e-04 7.867395980472618078e+01
8.786179999999999555e-04 7.838615131405956049e+01
8.919299999999999798e-04 7.807864539643304624e+01
9.052430000000000199e-04 7.774858598776260976e+01
9.185550000000000442e-04 7.739557636040279931e+01
9.318669999999999601e-04 7.701721681798439079e+01
9.451800000000000002e-04 7.661344264732699116e+01
9.584920000000000245e-04 7.618266603867583342e+01
9.718049999999999562e-04 7.572525359139488899e+01
9.851169999999999805e-04 7.524047991344056641e+01
9.984289999999998964e-04 7.472916538684700072e+01
1.011739999999999905e-03 7.419133667549405686e+01
1.025050000000000006e-03 7.362814553438893483e+01
1.038370000000000048e-03 7.303962114816813767e+01
1.051679999999999933e-03 7.242792513089325723e+01
1.064990000000000034e-03 7.179326665647620587e+01
1.078299999999999918e-03 7.113686647639329408e+01
1.091619999999999960e-03 7.045868192619228410e+01
1.104930000000000061e-03 6.976075657990433854e+01
1.118239999999999946e-03 6.904258782397189975e+01
1.131550000000000047e-03 6.830495826767452172e+01
1.144870000000000089e-03 6.754680258860636854e+01
1.158179999999999973e-03 6.676983791449359273e+01
1.171490000000000075e-03 6.597258525406809326e+01
1.184799999999999959e-03 6.515553057181864460e+01
1.198120000000000001e-03 6.431700682419177895e+01
1.211430000000000102e-03 6.345881015309577577e+01
1.224739999999999987e-03 6.257942510294483185e+01
1.238050000000000088e-03 6.167957929070259837e+01
1.251359999999999972e-03 6.075884524435637957e+01
1.264680000000000014e-03 5.981751767870269276e+01
1.277989999999999899e-03 5.885723850326805007e+01
1.291300000000000000e-03 5.787858751848575878e+01
1.304610000000000101e-03 5.688250855962560593e+01
1.317929999999999926e-03 5.586981922498542730e+01
1.331240000000000027e-03 5.484362877297424177e+01
1.344549999999999912e-03 5.380495778569409282e+01
1.357860000000000013e-03 5.275586932926942296e+01
1.371180000000000055e-03 5.169744531462821158e+01
1.384489999999999939e-03 5.063358826845038152e+01
1.397800000000000041e-03 4.956535131034568309e+01
1.411109999999999925e-03 4.849502299974521691e+01
1.424429999999999967e-03 4.742350916505748870e+01
1.437740000000000068e-03 4.635445673909090658e+01
1.451049999999999953e-03 4.528852075716130798e+01
1.464360000000000054e-03 4.422729885626277735e+01
1.477680000000000096e-03 4.317116211260135827e+01
1.490989999999999980e-03 4.212272568359713887e+01
1.504300000000000082e-03 4.108209522146209025e+01
1.517609999999999966e-03 4.004996842627627274e+01
1.530930000000000008e-03 3.902577575140555410e+01
1.544239999999999892e-03 3.801146720193892037e+01
1.557549999999999994e-03 3.700631622932775855e+01
1.570860000000000095e-03 3.601037579524425780e+01
1.584169999999999979e-03 3.502356443803655850e+01
1.597490000000000021e-03 3.404504197056678549e+01
1.610799999999999906e-03 3.307614729395207576e+01
1.624110000000000007e-03 3.211605715233068281e+01
1.637420000000000108e-03 3.116465139276852270e+01
1.650739999999999933e-03 3.022129329418834587e+01
1.664050000000000034e-03 2.928736836292385348e+01
1.677359999999999919e-03 2.836246605223044170e+01
1.690670000000000020e-03 2.744668058416862522e+01
1.703990000000000062e-03 2.653991946155944603e+01
1.717299999999999946e-03 2.564376959165509362e+01
1.730610000000000048e-03 2.475842117351983163e+01
1.743919999999999932e-03 2.388422420947397384e+01
1.757239999999999974e-03 2.302161931803622252e+01
1.770550000000000075e-03 2.217234272596952493e+01
1.783859999999999960e-03 2.133693794018421031e+01
1.797170000000000061e-03 2.051585883041666136e+01
1.810490000000000103e-03 1.970964400560470153e+01
1.823799999999999987e-03 1.891988883462749982e+01
1.837110000000000088e-03 1.814694310878455141e+01
1.850419999999999973e-03 1.739105875559458525e+01
1.863730000000000074e-03 1.665289500595806871e+01
1.877049999999999899e-03 1.593198704881923078e+01
1.890360000000000000e-03 1.522978284194767262e+01
1.903670000000000102e-03 1.454566552080837027e+01
1.916979999999999986e-03 1.387977665734567978e+01
1.930300000000000028e-03 1.323145681287652842e+01
1.943609999999999912e-03 1.260174511614400217e+01
1.956920000000000014e-03 1.198996373767257850e+01
1.970229999999999898e-03 1.139623116990484064e+01
1.983550000000000157e-03 1.081996990502586797e+01
1.996860000000000041e-03 1.026227311683370047e+01
2.010169999999999926e-03 9.722635574791647528e+00
2.023479999999999810e-03 9.201350912356360823e+00
2.036800000000000069e-03 8.698005860240391129e+00
2.050109999999999953e-03 8.213589438125703523e+00
2.063419999999999838e-03 7.747654389896457161e+00
2.076730000000000156e-03 7.300226276182955054e+00
2.090049999999999981e-03 6.870793861352404441e+00
2.103359999999999865e-03 6.459724658448452672e+00
2.116670000000000183e-03 6.066340065843498941e+00
2.129980000000000068e-03 5.690067519490970227e+00
2.143299999999999893e-03 5.330119182372126119e+00
2.156610000000000211e-03 4.986281005152506829e+00
2.169920000000000095e-03 4.657679915229095968e+00
2.183229999999999980e-03 4.343552129177923327e+00
2.196539999999999864e-03 4.043309927803464987e+00
2.209860000000000123e-03 3.756133217045636741e+00
2.223170000000000007e-03 3.481973122812910937e+00
2.236479999999999892e-03 3.220255456355067825e+00
2.249790000000000210e-03 2.970659030715921300e+00
2.263110000000000035e-03 2.732869883879640138e+00
2.276419999999999919e-03 2.507066585084880117e+00
2.289729999999999804e-03 2.293061112221301379e+00
2.303040000000000122e-03 2.090750573370355525e+00
2.316359999999999947e-03 1.899979124724021418e+00
2.329669999999999831e-03 1.720917770595816743e+00
2.342980000000000149e-03 1.553311946724568404e+00
2.356290000000000034e-03 1.396965414167844699e+00
2.369609999999999859e-03 1.251515726339244461e+00
2.382920000000000177e-03 1.116874614586491177e+00
2.396230000000000061e-03 9.925580929470002589e-01
2.409539999999999946e-03 8.781618503038108869e-01
2.422860000000000204e-03 7.731561248004281683e-01
2.436170000000000089e-03 6.772321254505242472e-01
2.449479999999999973e-03 5.898403224052274352e-01
2.462789999999999858e-03 5.104923366740289348e-01
2.476100000000000176e-03 4.387277648511102579e-01
2.489420000000000001e-03 3.740225115830959624e-01
2.502729999999999885e-03 3.160342533503851525e-01
2.516040000000000203e-03 2.642665721912619281e-01
2.529350000000000088e-03 2.183028986014970418e-01
2.542669999999999913e-03 1.776894001390072475e-01
2.555979999999999797e-03 1.420878359296790239e-01
2.569290000000000115e-03 1.110666776079215629e-01
2.582600000000000000e-03 8.424039288991352903e-02
2.595919999999999825e-03 6.120740254911861966e-02
2.609230000000000143e-03 4.163311698078312612e-02
2.622540000000000027e-03 2.513590885737640099e-02
2.635849999999999912e-03 1.140138760544366116e-02
2.649170000000000171e-03 0.000000000000000000e+00
