1.331239999999999980e-05 8.355483563118593793e+01
2.662479999999999960e-05 8.355466614065484521e+01
3.993720000000000110e-05 8.355433259351926267e+01
5.324959999999999920e-05 8.355413611415484354e+01
6.656200000000000408e-05 8.355370378518594521e+01
7.987440000000000219e-05 8.355335451415484727e+01
9.318669999999999330e-05 8.355270454219787268e+01
1.064989999999999980e-04 8.355206566925350842e+01
1.198119999999999974e-04 8.355103297810079255e+01
1.331240000000000082e-04 8.354990253747639883e+01
1.464360000000000054e-04 8.354824418508015071e+01
1.597489999999999913e-04 8.354633102186755877e+01
1.730609999999999885e-04 8.354370829085081596e+01
1.863730000000000128e-04 8.354062239332198203e+01
1.996859999999999987e-04 8.353659916271620034e+01
2.129979999999999959e-04 8.353186093695371994e+01
2.263110000000000089e-04 8.352592687931752380e+01
2.396230000000000061e-04 8.351900431646532752e+01
2.529349999999999763e-04 8.351062338977590116e+01
2.662480000000000163e-04 8.350099085369234331e+01
2.795599999999999865e-04 8.348966533179766714e+01
2.928730000000000265e-04 8.347687106535002499e+01
3.061849999999999967e-04 8.346220040884931279e+01
3.194970000000000210e-04 8.344590703123866149e+01
3.328100000000000069e-04 8.342760401172685647e+01
3.461219999999999770e-04 8.340757077780368434e+01
3.594350000000000171e-04 8.338541647424763426e+01
3.727469999999999872e-04 8.336141435207680672e+01
3.860590000000000115e-04 8.333513654246591784e+01
3.993719999999999974e-04 8.330679794427359752e+01
4.126840000000000217e-04 8.327590543647923482e+01
4.259970000000000076e-04 8.324256993733011711e+01
4.393089999999999777e-04 8.320621209272557905e+01
4.526210000000000021e-04 8.316681365485034405e+01
4.659339999999999879e-04 8.312370995251836803e+01
4.792460000000000123e-04 8.307676401330478200e+01
4.925590000000000523e-04 8.302526318490973267e+01
5.058709999999999683e-04 8.296898248636929907e+01
5.191829999999999926e-04 8.290721262841248063e+01
5.324960000000000327e-04 8.283968348030026618e+01
5.458079999999999486e-04 8.276573503279843180e+01
5.591199999999999729e-04 8.268511250954007608e+01
5.724330000000000130e-04 8.259718315484356310e+01
5.857450000000000373e-04 8.250173981141020363e+01
5.990579999999999690e-04 8.239816315244864597e+01
6.123699999999999933e-04 8.228624596217062503e+01
6.256820000000000177e-04 8.216535586199327668e+01
6.389949999999999493e-04 8.203519295738658457e+01
6.523069999999999737e-04 8.189509812958564794e+01
6.656200000000000137e-04 8.174462942785447694e+01
6.789320000000000381e-04 8.158306831235782397e+01
6.922439999999999540e-04 8.140983281786307657e+01
7.055569999999999941e-04 8.122413352151725974e+01
7.188690000000000184e-04 8.102532517327907158e+01
7.321819999999999501e-04 8.081262465528806160e+01
7.454939999999999744e-04 8.058539527285243764e+01
7.588059999999999987e-04 8.034295861374619108e+01
7.721190000000000388e-04 8.008474893894839397e+01
7.854309999999999547e-04 7.981029007925151575e+01
7.987439999999999948e-04 7.951921663326906753e+01
8.120560000000000191e-04 7.921122120031948555e+01
8.253680000000000435e-04 7.888620983117490937e+01
8.386809999999999751e-04 7.854394600336463839e+01
8.519929999999999995e-04 7.818463110098819868e+01
8.653050000000000238e-04 7.780810783487052618e+01
8.786179999999999555e-04 7.741462503739249712e+01
8.919299999999999798e-04 7.700413033206072555e+01
9.052430000000000199e-04 7.657684823198641766e+01
9.185550000000000442e-04 7.613269401204884446e+01
9.318669999999999601e-04 7.567182803178818062e+01
9.451800000000000002e-04 7.519398496575311697e+01
9.584920000000000245e-04 7.469926362903068195e+01
9.718049999999999562e-04 7.418726053590336278e+01
9.851169999999999805e-04 7.365787611995756379e+01
9.984289999999998964e-04 7.311063487726863741e+01
1.011739999999999905e-03 7.254518229141083907e+01
1.025050000000000006e-03 7.196098556641146615e+01
1.038370000000000048e-03 7.135692824939758339e+01
1.051679999999999933e-03 7.073331590530909807e+01
1.064990000000000034e-03 7.008885309952289333e+01
1.078299999999999918e-03 6.942290730036718571e+01
1.091619999999999960e-03 6.873400772969620220e+01
1.104930000000000061e-03 6.802260367776216299e+01
1.118239999999999946e-03 6.728725153695643257e+01
1.131550000000000047e-03 6.652752659276468705e+01
1.144870000000000089e-03 6.574223582489581474e+01
1.158179999999999973e-03 6.493243248267535250e+01
1.171490000000000075e-03 6.409752861388933809e+01
1.184799999999999959e-03 6.323782270445470743e+01
1.198120000000000001e-03 6.235356381189635755e+01
1.211430000000000102e-03 6.144686674626549916e+01
1.224739999999999987e-03 6.051898756987807104e+01
1.238050000000000088e-03 5.957117213000605460e+01
1.251359999999999972e-03 5.860627762711501987e+01
1.264680000000000014e-03 5.762512124455135876e+01
1.277989999999999899e-03 5.663265775641490762e+01
1.291300000000000000e-03 5.562976879843821365e+01
1.304610000000000101e-03 5.462008541124977512e+01
1.317929999999999926e-03 5.360432078475969320e+01
1.331240000000000027e-03 5.258727862465950409e+01
1.344549999999999912e-03 5.156931449965666303e+01
1.357860000000000013e-03 5.055298360074583286e+01
1.371180000000000055e-03 4.953818184369447408e+01
1.384489999999999939e-03 4.852807590247336123e+01
1.397800000000000041e-03 4.752208563245465456e+01
1.411109999999999925e-03 4.652094824271363649e+01
1.424429999999999967e-03 4.552369238010739139e+01
1.437740000000000068e-03 4.453186148369122321e+01
1.451049999999999953e-03 4.354416957023758528e+01
1.464360000000000054e-03 4.256020462107811397e+01
1.477680000000000096e-03 4.157853527036115793e+01
1.490989999999999980e-03 4.060001610280111350e+01
1.504300000000000082e-03 3.962318574863714815e+01
1.517609999999999966e-03 3.864744587939410536e+01
1.530930000000000008e-03 3.767143970689355115e+01
1.544239999999999892e-03 3.669628774618936973e+01
1.557549999999999994e-03 3.572078903328049648e+01
1.570860000000000095e-03 3.474506219723534883e+01
1.584169999999999979e-03 3.376891512297689246e+01
1.597490000000000021e-03 3.279235606659857183e+01
1.610799999999999906e-03 3.181699652306998516e+01
1.624110000000000007e-03 3.084354922617892569e+01
1.637420000000000108e-03 2.987250628289460153e+01
1.650739999999999933e-03 2.890521139652648586e+01
1.664050000000000034e-03 2.794403647409475155e+01
1.677359999999999919e-03 2.699146626967192830e+01
1.690670000000000020e-03 2.604757769916547616e+01
1.703990000000000062e-03 2.511470142365901737e+01
1.717299999999999946e-03 2.419584791630771647e+01
1.730610000000000048e-03 2.329280049123907403e+01
1.743919999999999932e-03 2.240661385182514564e+01
1.757239999999999974e-03 2.153878409418694417e+01
1.770550000000000075e-03 2.069140415325716020e+01
1.783859999999999960e-03 1.986527192686400056e+01
1.797170000000000061e-03 1.906077007820987035e+01
1.810490000000000103e-03 1.827799478405942679e+01
1.823799999999999987e-03 1.751808996272388441e+01
1.837110000000000088e-03 1.678046910158514393e+01
1.850419999999999973e-03 1.606475584044000726e+01
1.863730000000000074e-03 1.537046682608669101e+01
1.877049999999999899e-03 1.469651004539316652e+01
1.890360000000000000e-03 1.404319441894361375e+01
1.903670000000000102e-03 1.340935279473756836e+01
1.916979999999999986e-03 1.279429540663140052e+01
1.930300000000000028e-03 1.219695837898684232e+01
1.943609999999999912e-03 1.161771085696402928e+01
1.956920000000000014e-03 1.105560631314750175e+01
1.970229999999999898e-03 1.051032550675652644e+01
1.983550000000000157e-03 9.981105060477103663e+00
1.996860000000000041e-03 9.468585792510518573e+00
2.010169999999999926e-03 8.972108414029424495e+00
2.023479999999999810e-03 8.491597079716225238e+00
2.036800000000000069e-03 8.026493826935530151e+00
2.050109999999999953e-03 7.577412540047910205e+00
2.063419999999999838e-03 7.143801047835910190e+00
2.076730000000000156e-03 6.725520112961603125e+00
2.090049999999999981e-03 6.322040996179188355e+00
2.103359999999999865e-03 5.933772204244005977e+00
2.116670000000000183e-03 5.560165924358375200e+00
2.129980000000000068e-03 5.201001332980620617e+00
2.143299999999999893e-03 4.855773216902939282e+00
2.156610000000000211e-03 4.524798745427855984e+00
2.169920000000000095e-03 4.207600785949694888e+00
2.183229999999999980e-03 3.904031328215618935e+00
2.196539999999999864e-03 3.613914296481795407e+00
2.209860000000000123e-03 3.336957047296102985e+00
2.223170000000000007e-03 3.073435219530925799e+00
2.236479999999999892e-03 2.823099955440594222e+00
2.249790000000000210e-03 2.585829849867935071e+00
2.263110000000000035e-03 2.361410552341232538e+00
2.276419999999999919e-03 2.150044621111388388e+00
2.289729999999999804e-03 1.951465601454252852e+00
2.303040000000000122e-03 1.765492140962327428e+00
2.316359999999999947e-03 1.591796572671283272e+00
2.329669999999999831e-03 1.430381264116237672e+00
2.342980000000000149e-03 1.280802041244003320e+00
2.356290000000000034e-03 1.142707563624090872e+00
2.369609999999999859e-03 1.015571019520202789e+00
2.382920000000000177e-03 8.991407543347975651e-01
2.396230000000000061e-03 7.928019265105179514e-01
2.409539999999999946e-03 6.960388157920200936e-01
2.422860000000000204e-03 6.082147019303724145e-01
2.436170000000000089e-03 5.289046284379850249e-01
2.449479999999999973e-03 4.574684354982710977e-01
2.462789999999999858e-03 3.933428863113493934e-01
2.476100000000000176e-03 3.359828850379100174e-01
2.489420000000000001e-03 2.848142754541531652e-01
2.502729999999999885e-03 2.394186453175783380e-01
2.516040000000000203e-03 1.992707416207840088e-01
2.529350000000000088e-03 1.639319865898289375e-01
2.542669999999999913e-03 1.329458893517454499e-01
2.555979999999999797e-03 1.059731243500907777e-01
2.569290000000000115e-03 8.260927346061315568e-02
2.582600000000000000e-03 6.251217017807859933e-02
2.595919999999999825e-03 4.533053809684672864e-02
2.609230000000000143e-03 3.078460768794475527e-02
2.622540000000000027e-03 1.856062856744894810e-02
2.635849999999999912e-03 8.411575796064304014e-03
2.649170000000000171e-03 0.000000000000000000e+00
