0	2.0812
1.33124e-05	1.96969
2.66248e-05	1.77981
3.99372e-05	1.47496
5.32496e-05	1.16205
6.6562e-05	0.931034
7.98744e-05	0.815365
9.31867e-05	0.864647
0.000106499	1.01909
0.000119812	1.32002
0.000133124	1.79703
0.000146436	2.42257
0.000159749	3.23281
0.000173061	4.25254
0.000186373	5.51071
0.000199686	7.03808
0.000212998	8.8838
0.000226311	11.1059
0.000239623	13.7679
0.000252935	16.9779
0.000266248	20.7622
0.00027956	25.2168
0.000292873	30.3236
0.000306185	36.1046
0.000319497	42.5423
0.00033281	49.6208
0.000346122	57.3316
0.000359435	65.6412
0.000372747	74.5761
0.000386059	84.137
0.000399372	94.398
0.000412684	105.515
0.000425997	117.458
0.000439309	130.328
0.000452621	143.94
0.000465934	157.994
0.000479246	172.398
0.000492559	186.731
0.000505871	201.122
0.000519183	215.578
0.000532496	230.224
0.000545808	245.387
0.00055912	261.01
0.000572433	277.18
0.000585745	293.797
0.000599058	310.652
0.00061237	327.742
0.000625682	344.935
0.000638995	362.231
0.000652307	379.554
0.00066562	396.884
0.000678932	414.096
0.000692244	431.229
0.000705557	448.324
0.000718869	465.405
0.000732182	482.597
0.000745494	499.871
0.000758806	517.204
0.000772119	534.596
0.000785431	552.052
0.000798744	569.54
0.000812056	586.992
0.000825368	604.303
0.000838681	620.985
0.000851993	637.011
0.000865305	651.887
0.000878618	665.658
0.00089193	678.184
0.000905243	689.467
0.000918555	699.381
0.000931867	707.965
0.00094518	715.291
0.000958492	721.445
0.000971805	727.008
0.000985117	731.987
0.000998429	736.929
0.00101174	741.781
0.00102505	746.639
0.00103837	751.464
0.00105168	756.046
0.00106499	760.37
0.0010783	764.118
0.00109162	767.295
0.00110493	769.717
0.00111824	771.333
0.00113155	771.52
0.00114487	771.476
0.00115818	771.179
0.00117149	770.064
0.0011848	768.879
0.00119812	767.575
0.00121143	766.048
0.00122474	764.298
0.00123805	762.287
0.00125136	760.011
0.00126468	757.344
0.00127799	754.279
0.0012913	750.27
0.00130461	745.325
0.00131793	739.204
0.00133124	731.908
0.00134455	723.912
0.00135786	715.211
0.00137118	706.399
0.00138449	697.474
0.0013978	688.839
0.00141111	680.503
0.00142443	672.452
0.00143774	664.711
0.00145105	656.623
0.00146436	648.193
0.00147768	638.721
0.00149099	628.172
0.0015043	616.449
0.00151761	603.502
0.00153093	589.92
0.00154424	575.679
0.00155755	561.692
0.00157086	548.01
0.00158417	535.011
0.00159749	522.778
0.0016108	510.845
0.00162411	499.205
0.00163742	487.464
0.00165074	475.553
0.00166405	463.677
0.00167736	451.848
0.00169067	440.163
0.00170399	428.676
0.0017173	417.049
0.00173061	405.258
0.00174392	393.097
0.00175724	380.494
0.00177055	367.712
0.00178386	354.737
0.00179717	341.959
0.00181049	329.44
0.0018238	317.267
0.00183711	305.467
0.00185042	294.035
0.00186373	282.952
0.00187705	272.356
0.00189036	262.288
0.00190367	252.682
0.00191698	243.584
0.0019303	234.671
0.00194361	225.876
0.00195692	217.129
0.00197023	208.369
0.00198355	199.764
0.00199686	191.367
0.00201017	183.122
0.00202348	175.046
0.0020368	167.002
0.00205011	158.924
0.00206342	150.919
0.00207673	142.97
0.00209005	135.281
0.00210336	127.895
0.00211667	120.947
0.00212998	114.498
0.0021433	108.55
0.00215661	103.161
0.00216992	98.1382
0.00218323	93.463
0.00219654	88.9139
0.00220986	84.3922
0.00222317	79.8742
0.00223648	75.2997
0.00224979	70.7812
0.00226311	66.3436
0.00227642	62.0575
0.00228973	57.9657
0.00230304	54.0669
0.00231636	50.3727
0.00232967	46.8744
0.00234298	43.5719
0.00235629	40.4576
0.00236961	37.5404
0.00238292	34.7718
0.00239623	32.1369
0.00240954	29.5887
0.00242286	27.0831
0.00243617	24.6531
0.00244948	22.2916
0.00246279	20.0587
0.0024761	17.9976
0.00248942	16.0993
0.00250273	14.384
0.00251604	12.8027
0.00252935	11.33
0.00254267	9.94379
0.00255598	8.61762
0.00256929	7.35457
0.0025826	6.14285
0.00259592	5.00217
0.00260923	3.93605
0.00262254	2.97606
0.00263585	2.15672
0.00264917	1.46622
