0.00010623832356525316   4.1484530454353017e-32
0.0001333017167055306   8.771814337162243e-32
0.00016980895063494557   1.8547811900706034e-31
0.00020986731653769902   3.921894753819724e-31
0.00026734350970560353   8.292761724337576e-31
0.0003354472058470467   1.753486550082952e-30
0.00042731586228662773   3.7077094260385806e-30
0.0005281207674669655   7.274256618821463e-30
0.0006727567772453659   1.6577238855893144e-29
0.0008441363749212867   3.252333870135681e-29
0.0010591736026545685   6.380842850117597e-29
0.0013698161634717217   1.1615573317032886e-28
0.0017985715800700667   2.1144783949800756e-28
0.0022567438114162153   3.849159021949685e-28
0.002874796423777757   6.501418610174433e-28
0.003717938776147697   1.1835067295194617e-27
0.004808364386726836   2.1544346900318956e-27
0.006218598386791852   3.921894753819756e-27
0.007802738340015725   6.624272833163955e-27
0.01009118530777798   1.2058708946926503e-26
0.013050805560616673   2.0367751582919754e-26
0.016878445949232834   3.440213263039752e-26
0.02150093236472897   5.391471540435098e-26
0.027389375416618966   9.106460192817867e-26
0.035962309055654215   1.5381258460038924e-25
0.04581127770950064   2.5979700872256444e-25
0.06015030653907607   4.388099056819401e-25
0.07779164995096352   7.411714795000603e-25
0.09909638654928202   1.2518750258625395e-24
0.12816013512481642   2.114478394980093e-24
0.16574792287751927   3.5714578456080835e-24
0.2111411731923007   5.597156879584118e-24
0.27306627647094167   9.45387283130796e-24
0.35315324916658075   1.5968055466971937e-23
0.46369097861322434   2.697082983302787e-23
0.581812677343738   4.5555056054680014e-23
0.7639213014853034   7.69447267656457e-23
0.9879700020584812   1.2058708946926602e-22
1.2396477364128509   2.036775158291992e-22
1.6276601543082685   3.44021326303978e-22
2.1050328127725138   5.810689141122241e-22
2.72241298720748   9.814539307055017e-22
3.5208631561207415   1.6577238855893144e-21
4.553488916773137   2.5979700872256445e-21
5.800549263691673   4.388099056819437e-21
7.501778857124897   7.411714795000663e-21
9.849851835737871   1.2518750258625292e-20
