3.868552664234992458e-03
3.742469637308049111e-04
1.559025259770614106e-04
3.241923704637081067e-04
6.535612349729617550e-04
8.573169945524252268e-04
7.032452266008163647e-04
4.612870550243936278e-04
3.326509558415058072e-04
2.822697121463049567e-04
2.255806177747175496e-04
1.228223467960750629e-04
8.915402272756721782e-05
6.761763759435700423e-05
5.034069051690410237e-05
4.482347969017946528e-05
4.750440082058861801e-05
3.000984684995292839e-05
2.879237453445976269e-05
1.991584519185320623e-05
1.528560176933984718e-05
7.417012263029540702e-07
0.000000000000000000e+00
0.000000000000000000e+00
0.000000000000000000e+00
0.000000000000000000e+00
0.000000000000000000e+00
0.000000000000000000e+00
0.000000000000000000e+00
0.000000000000000000e+00
