8.752350112356330073e-04
7.941578380629018782e-05
3.321391481931797727e-05
7.053814653429558339e-05
1.407309492514150645e-04
1.825765646001881572e-04
1.479571084358665615e-04
9.616333130672343680e-05
6.860751182344413009e-05
5.771279955107376524e-05
4.591207779519755394e-05
2.470410483950672456e-05
1.782035383773946551e-05
1.346281264178710165e-05
1.005515758017927681e-05
9.000783617744764352e-06
9.615124627523096351e-06
6.005569064513743431e-06
5.796140163319649457e-06
3.983907116425117436e-06
3.053015794023728933e-06
1.460054690002259163e-07
0.000000000000000000e+00
0.000000000000000000e+00
0.000000000000000000e+00
0.000000000000000000e+00
0.000000000000000000e+00
0.000000000000000000e+00
0.000000000000000000e+00
0.000000000000000000e+00
