3.030943537435497933e-03
2.824350614711362752e-04
1.151615929819751994e-04
2.457684526595871636e-04
4.944023972473502631e-04
6.436625408338632944e-04
5.231381553116768541e-04
3.412351205256640018e-04
2.437615154353501895e-04
2.052312169030630297e-04
1.632611558866505332e-04
8.777199224194858222e-05
6.317362685940117889e-05
4.763690379729334921e-05
3.553368921205831506e-05
3.175201380913230808e-05
3.394888846538099913e-05
2.106537835094918212e-05
2.043718227985216973e-05
1.402001075878154023e-05
1.074163970009375830e-05
5.105797613075556414e-07
0.000000000000000000e+00
0.000000000000000000e+00
0.000000000000000000e+00
0.000000000000000000e+00
0.000000000000000000e+00
0.000000000000000000e+00
0.000000000000000000e+00
0.000000000000000000e+00
