5.064603552371690041e-03
7.592452112838823973e-04
4.688192752276654587e-04
7.301747240082090635e-04
1.463099268228816585e-03
2.130573390536129666e-03
1.861027284064727810e-03
1.299550462981752122e-03
9.872476321411381706e-04
8.827544911536002381e-04
7.248579241061694914e-04
4.190529116960741026e-04
3.189038631282490959e-04
2.495512885166114637e-04
1.837583278061299626e-04
1.528815820659054051e-04
1.525284037893093626e-04
1.038720352521766636e-04
8.973404618527067384e-05
6.227674530476968063e-05
4.685443246611465913e-05
2.352160513799665087e-06
0.000000000000000000e+00
0.000000000000000000e+00
0.000000000000000000e+00
0.000000000000000000e+00
0.000000000000000000e+00
0.000000000000000000e+00
0.000000000000000000e+00
0.000000000000000000e+00
