4.618160237478866753e-02
5.512080518408640599e-03
2.353892711084061649e-03
4.390052382611579762e-03
8.862962283396995378e-03
1.184778922787171722e-02
9.735190723692974807e-03
6.375583495866601023e-03
4.559185741278539740e-03
3.829051490179132076e-03
2.988286804922172038e-03
1.608403340386671109e-03
1.139228150353098620e-03
8.384574969898056724e-04
5.980923573259792903e-04
4.989148516954129134e-04
5.017567410065294775e-04
3.063749983095692252e-04
2.777353200286019632e-04
1.834124799497402003e-04
1.343668750424873836e-04
6.300800234369872701e-06
0.000000000000000000e+00
0.000000000000000000e+00
0.000000000000000000e+00
0.000000000000000000e+00
0.000000000000000000e+00
0.000000000000000000e+00
0.000000000000000000e+00
0.000000000000000000e+00
