4.164631002091317979e-02
6.169630619463979844e-03
3.528782970854182910e-03
5.745850638623298604e-03
1.173391487478613916e-02
1.714082912040289924e-02
1.504109473390036027e-02
1.058153776056008216e-02
8.107431738129526264e-03
7.329498090189922634e-03
6.086682938719382117e-03
3.562270097777895349e-03
2.748769022611835013e-03
2.181163222161576314e-03
1.629135427963534707e-03
1.376367662544572242e-03
1.390339692305976203e-03
9.669534923838033228e-04
8.460368540412859222e-04
6.001714836170149621e-04
4.598542444006145928e-04
2.363657285821423284e-05
0.000000000000000000e+00
0.000000000000000000e+00
0.000000000000000000e+00
0.000000000000000000e+00
0.000000000000000000e+00
0.000000000000000000e+00
0.000000000000000000e+00
0.000000000000000000e+00
