1.573801206773194593e-03
1.316890972080175608e-04
4.874611729642455064e-05
9.342661261439686999e-05
1.683349536498445224e-04
1.958572811335464745e-04
1.414879881704713760e-04
8.118145445383924625e-05
5.092059582349155162e-05
3.749807942781274863e-05
2.599640580200021463e-05
1.226897593397453387e-05
7.595085850692425345e-06
4.906167040479656554e-06
3.110303836443502683e-06
2.317879631229232300e-06
2.101233331139384555e-06
1.045626883400021258e-06
8.727802892485981351e-07
4.826690510892190578e-07
3.016799926044107981e-07
1.204393173478690025e-08
0.000000000000000000e+00
0.000000000000000000e+00
0.000000000000000000e+00
0.000000000000000000e+00
0.000000000000000000e+00
0.000000000000000000e+00
0.000000000000000000e+00
0.000000000000000000e+00
