6.180025092913695036e-05
5.643188787588962876e-06
2.316133626102640858e-06
4.956472925110006539e-06
9.932478466108566549e-06
1.286943195848133332e-05
1.041946902873422322e-05
6.771046491849719983e-06
4.823503145350815146e-06
4.051116388609704270e-06
3.218648083409672164e-06
1.725818552537912316e-06
1.240067414006905597e-06
9.339051890931087678e-07
6.969981878080387752e-07
6.247852579983622903e-07
6.693078357605553673e-07
4.146355317775192303e-07
4.030525255238118451e-07
2.762924827018260873e-07
2.116889127847455413e-07
1.005445383293978217e-08
0.000000000000000000e+00
0.000000000000000000e+00
0.000000000000000000e+00
0.000000000000000000e+00
0.000000000000000000e+00
0.000000000000000000e+00
0.000000000000000000e+00
0.000000000000000000e+00
