3.994132449468754923e-04
3.449068466637063285e-05
1.346073344569894683e-05
2.624454422949907718e-05
4.892183742877997461e-05
5.928629756248954231e-05
4.462390207750068584e-05
2.678970403123841885e-05
1.760354303749537308e-05
1.360175933399512365e-05
9.890831268157625791e-06
4.888451473740977982e-06
3.186142069731402688e-06
2.170455993477038518e-06
1.456639289733536740e-06
1.159235641314657771e-06
1.117763415818397382e-06
6.065481680286736138e-07
5.351795652722892913e-07
3.221752518173661165e-07
2.187761786311778869e-07
9.379514252078182223e-09
0.000000000000000000e+00
0.000000000000000000e+00
0.000000000000000000e+00
0.000000000000000000e+00
0.000000000000000000e+00
0.000000000000000000e+00
0.000000000000000000e+00
0.000000000000000000e+00
