2.563866998493865429e-02
2.686505718311161042e-03
1.071356206039188403e-03
2.141445531482385079e-03
4.300524552052107166e-03
5.615624397000136374e-03
4.546927464937450605e-03
2.935633791484791762e-03
2.074212311976115705e-03
1.722970926244546223e-03
1.339552363612818387e-03
7.120519117805244576e-04
5.010677368934764739e-04
3.678495819094258182e-04
2.647220168001461309e-04
2.262000449338309846e-04
2.321404030492458712e-04
1.405088377184324276e-04
1.310017193146973530e-04
8.711869820843661178e-05
6.457053034493735917e-05
3.026296867432735479e-06
0.000000000000000000e+00
0.000000000000000000e+00
0.000000000000000000e+00
0.000000000000000000e+00
0.000000000000000000e+00
0.000000000000000000e+00
0.000000000000000000e+00
0.000000000000000000e+00
