2.702061554376074953e-03
2.479493854029237885e-04
9.874326468411705800e-05
2.134133957699545128e-04
4.282340437901589378e-04
5.529880405362312982e-04
4.463643157866671986e-04
2.888214062165902910e-04
2.048278339441287146e-04
1.711661247137929976e-04
1.353078140980375286e-04
7.208474663824627517e-05
5.140991478936178288e-05
3.844702796678422260e-05
2.858781481888783397e-05
2.561537117947763103e-05
2.744986320159989096e-05
1.679395227255508455e-05
1.641065760358397321e-05
1.119094057963362194e-05
8.549928475671984414e-06
4.026671322124899318e-07
0.000000000000000000e+00
0.000000000000000000e+00
0.000000000000000000e+00
0.000000000000000000e+00
0.000000000000000000e+00
0.000000000000000000e+00
0.000000000000000000e+00
0.000000000000000000e+00
