2.043439158820998646e-03
1.879672457154819354e-04
7.922076426068016327e-05
1.650824607834494985e-04
3.274232669209528688e-04
4.239976926789943085e-04
3.435679356855822096e-04
2.227891944741271885e-04
1.587292313786267390e-04
1.331566700620440960e-04
1.054885820051829428e-04
5.674064028966308883e-05
4.084911426455619911e-05
3.075452036792080860e-05
2.279935952434412991e-05
2.025014970875084960e-05
2.141418787837503333e-05
1.341839738862184880e-05
1.279583006478618820e-05
8.770743325882294166e-06
6.685313167956646826e-06
3.215979967611488399e-07
0.000000000000000000e+00
0.000000000000000000e+00
0.000000000000000000e+00
0.000000000000000000e+00
0.000000000000000000e+00
0.000000000000000000e+00
0.000000000000000000e+00
0.000000000000000000e+00
