7.165841943567607562e-05
6.462373233167453277e-06
2.681949357171439364e-06
5.695715078583692320e-06
1.134191709385897257e-05
1.465139098797507854e-05
1.180916525186297135e-05
7.646680008630062382e-06
5.425188542090802251e-06
4.540657983132775106e-06
3.596754688786987604e-06
1.922209158059830140e-06
1.377598334075649617e-06
1.035199390405463835e-06
7.707347037205070637e-07
6.870462001322953572e-07
7.333031701023248555e-07
4.533331667634056957e-07
4.375641121166361680e-07
2.984674029659747936e-07
2.276543052638095260e-07
1.076353336532152464e-08
0.000000000000000000e+00
0.000000000000000000e+00
0.000000000000000000e+00
0.000000000000000000e+00
0.000000000000000000e+00
0.000000000000000000e+00
0.000000000000000000e+00
0.000000000000000000e+00
