2.909188486721208666e-01
3.263748575668783819e-02
1.282279711825736954e-02
2.629396368554729607e-02
5.482959197308102245e-02
7.391971833978447370e-02
6.169353516996392561e-02
4.125968297050995603e-02
3.014641544519983465e-02
2.597087813017555369e-02
2.087563619674386375e-02
1.151439668975049596e-02
8.404325395970416862e-03
6.387388516460759495e-03
4.735325684664402728e-03
4.125598534239822805e-03
4.329333760639379920e-03
2.716428053614956557e-03
2.595096492306528738e-03
1.791492212955831786e-03
1.371016171559327583e-03
6.589623417562251776e-05
0.000000000000000000e+00
0.000000000000000000e+00
0.000000000000000000e+00
0.000000000000000000e+00
0.000000000000000000e+00
0.000000000000000000e+00
0.000000000000000000e+00
0.000000000000000000e+00
