3.587513069410482036e-02
4.020019357287016488e-03
1.632495538743320871e-03
3.213934883184302489e-03
6.541294135787870979e-03
8.698799945814040049e-03
7.167874525966369710e-03
4.707441110623716493e-03
3.383767434104437057e-03
2.859095260114486673e-03
2.253550427975728205e-03
1.220684101153810463e-03
8.742056149480403751e-04
6.517282166674715806e-04
4.733822845307594698e-04
4.064467617389909263e-04
4.183281902729158418e-04
2.596143434111429179e-04
2.418464610865537188e-04
1.635397155158240608e-04
1.226259109279972980e-04
5.859111536297327907e-06
0.000000000000000000e+00
0.000000000000000000e+00
0.000000000000000000e+00
0.000000000000000000e+00
0.000000000000000000e+00
0.000000000000000000e+00
0.000000000000000000e+00
0.000000000000000000e+00
