5.681001602375410081e-05
5.084353341092040313e-06
2.185435395523559573e-06
4.585503785168350384e-06
9.099375763163884708e-06
1.179634622481689806e-05
9.565122405362617319e-06
6.215654047382052846e-06
4.439496660032315759e-06
3.734021560270241648e-06
2.974750015539732286e-06
1.603673196461499085e-06
1.160151635216983289e-06
8.793437487926632539e-07
6.574258058432597935e-07
5.901172981702072855e-07
6.296497041921670679e-07
3.978243748965933573e-07
3.817286309254797631e-07
2.632376743899945092e-07
2.019392127704273874e-07
9.752773087865143135e-09
0.000000000000000000e+00
0.000000000000000000e+00
0.000000000000000000e+00
0.000000000000000000e+00
0.000000000000000000e+00
0.000000000000000000e+00
0.000000000000000000e+00
0.000000000000000000e+00
