5.224852946576416524e-02
7.560306977802646287e-03
4.122241446033113668e-03
6.869793537118707924e-03
1.413168113421180150e-02
2.050820295386609343e-02
1.788349041906677969e-02
1.254437240719218256e-02
9.559773828390901590e-03
8.613140761540190316e-03
7.133055898042361086e-03
4.150096865401374513e-03
3.187062088537393617e-03
2.520301269374206933e-03
1.881893344058072114e-03
1.589047072885353250e-03
1.610480372947662407e-03
1.108081640834015320e-03
9.756843501161919976e-04
6.890266177980673961e-04
5.273899572777280761e-04
2.682801331588400399e-05
0.000000000000000000e+00
0.000000000000000000e+00
0.000000000000000000e+00
0.000000000000000000e+00
0.000000000000000000e+00
0.000000000000000000e+00
0.000000000000000000e+00
0.000000000000000000e+00
