3.943856842171006294e-01
4.634133888566080439e-02
1.972460267679346235e-02
3.842357046045148661e-02
7.952592701772008554e-02
1.086487976401059319e-01
9.180051635687153100e-02
6.203137264675778750e-02
4.589215553507074857e-02
4.002512051923715064e-02
3.243440878749732914e-02
1.819824672978349531e-02
1.350307073843350428e-02
1.038803433556740458e-02
7.711748246467439380e-03
6.687884566865990622e-03
6.941255955110920382e-03
4.501814526812507496e-03
4.199391148331992757e-03
2.931670086835786761e-03
2.248835422953306303e-03
1.110987696671301181e-04
0.000000000000000000e+00
0.000000000000000000e+00
0.000000000000000000e+00
0.000000000000000000e+00
0.000000000000000000e+00
0.000000000000000000e+00
0.000000000000000000e+00
0.000000000000000000e+00
