4.039522171076471248e-05
3.636893562379433499e-06
1.517503470723057146e-06
3.103242168980548914e-06
6.053734450951196381e-06
7.712677942548389141e-06
6.146008386909619189e-06
3.912518194616408697e-06
2.741018602304889960e-06
2.258450752767930795e-06
1.759084831469227190e-06
9.306151885265009289e-07
6.573471441056138477e-07
4.863870521872022782e-07
3.545646246014223089e-07
3.094943577052221914e-07
3.220237216515008103e-07
1.982004345278573279e-07
1.857898798196672277e-07
1.247926975503618385e-07
9.338168547898605822e-08
4.433548694908233757e-09
0.000000000000000000e+00
0.000000000000000000e+00
0.000000000000000000e+00
0.000000000000000000e+00
0.000000000000000000e+00
0.000000000000000000e+00
0.000000000000000000e+00
0.000000000000000000e+00
