7.684760817056396354e-02
7.750434104402261631e-03
3.253329192166408770e-03
6.648446749110934438e-03
1.354482951120733816e-02
1.808335650899108721e-02
1.496907398127141076e-02
9.934491560296545426e-03
7.213600093520180015e-03
6.179580415256896199e-03
4.962366031135664532e-03
2.726958787387499632e-03
1.995692577636383035e-03
1.522364852298264525e-03
1.133294875603408757e-03
9.952904928593616328e-04
1.047644444371940205e-03
6.660707605583801073e-04
6.314138313260661941e-04
4.367824512344867130e-04
3.346540752884992150e-04
1.620739053944620988e-05
0.000000000000000000e+00
0.000000000000000000e+00
0.000000000000000000e+00
0.000000000000000000e+00
0.000000000000000000e+00
0.000000000000000000e+00
0.000000000000000000e+00
0.000000000000000000e+00
