3.521601782747485476e-02
3.716729681279557721e-03
1.548974099470937400e-03
3.107624249489633617e-03
6.334812447074375345e-03
8.459884702570613646e-03
7.012242048196967378e-03
4.647996098311067345e-03
3.373362957521395915e-03
2.882631266760327885e-03
2.304945244251131991e-03
1.264531056131331732e-03
9.211580816430521741e-04
6.989607881202262963e-04
5.164326413931209520e-04
4.505870786712157694e-04
4.704919896297669879e-04
2.984286726040017335e-04
2.809866658937123455e-04
1.935074418884000192e-04
1.474596831635383660e-04
7.149103101790397788e-06
0.000000000000000000e+00
0.000000000000000000e+00
0.000000000000000000e+00
0.000000000000000000e+00
0.000000000000000000e+00
0.000000000000000000e+00
0.000000000000000000e+00
0.000000000000000000e+00
