5.441466029307231203e-05
4.885008553457032540e-06
2.105821006527814594e-06
4.420448175021394369e-06
8.777404355603243144e-06
1.140355609964815433e-05
9.255485680881695530e-06
6.023751342478656335e-06
4.308212899928385370e-06
3.632282470497181319e-06
2.897292859123308747e-06
1.565924887839294747e-06
1.135391638504624872e-06
8.616085846028371032e-07
6.444982463475553240e-07
5.766694536192799383e-07
6.146893253246560228e-07
3.880757500740384154e-07
3.719558706197130779e-07
2.566035821208140878e-07
1.968441922346319320e-07
9.494420103446709833e-09
0.000000000000000000e+00
0.000000000000000000e+00
0.000000000000000000e+00
0.000000000000000000e+00
0.000000000000000000e+00
0.000000000000000000e+00
0.000000000000000000e+00
0.000000000000000000e+00
