2.917465583383759757e-05
2.658503928098252749e-06
1.094162492768096397e-06
2.312040728783194181e-06
4.585862397204303788e-06
5.893147462051585965e-06
4.748528014112575463e-06
3.062234552356034696e-06
2.169762685549435141e-06
1.808399245299674362e-06
1.426880344120004987e-06
7.607101619218366392e-07
5.430029376308078739e-07
4.063654847738322358e-07
3.011004243672587347e-07
2.691309249802457050e-07
2.862710873545849928e-07
1.772865035547385150e-07
1.709018867695376522e-07
1.166446069433411857e-07
8.887548432316972661e-08
4.238528821737484563e-09
0.000000000000000000e+00
0.000000000000000000e+00
0.000000000000000000e+00
0.000000000000000000e+00
0.000000000000000000e+00
0.000000000000000000e+00
0.000000000000000000e+00
0.000000000000000000e+00
