5.736239680128940588e-02
4.856920283687893303e-03
1.699033974255211845e-03
2.858671679170812600e-03
4.772467340222385709e-03
5.166338525277659396e-03
3.446551824024392946e-03
1.801426547000451297e-03
1.019040780095801678e-03
6.704054450529131452e-04
4.071731935932670541e-04
1.700167059282796649e-04
8.817008889651520786e-05
4.556082524670910757e-05
2.162077164429969953e-05
1.093764973886993577e-05
6.275373866121895610e-06
1.750941175803887214e-06
6.959392712862120352e-07
1.387505046889327622e-07
1.153671344417543732e-08
0.000000000000000000e+00
0.000000000000000000e+00
0.000000000000000000e+00
0.000000000000000000e+00
0.000000000000000000e+00
0.000000000000000000e+00
0.000000000000000000e+00
0.000000000000000000e+00
0.000000000000000000e+00
