5.908738156208194481e-02
8.569804775117179085e-03
4.716538798761032297e-03
7.818625831195722548e-03
1.596132770818894930e-02
2.308179482275079034e-02
2.014936234627753495e-02
1.408156278091108292e-02
1.072783541258648214e-02
9.645439743459816723e-03
7.964239227605687463e-03
4.630574352907167179e-03
3.548475615255331644e-03
2.796314012211213208e-03
2.079745485734530320e-03
1.756355311500524402e-03
1.774176668076505930e-03
1.217771705981580358e-03
1.071569267389222823e-03
7.561441398097038967e-04
5.776861464755886008e-04
2.945315071255007278e-05
0.000000000000000000e+00
0.000000000000000000e+00
0.000000000000000000e+00
0.000000000000000000e+00
0.000000000000000000e+00
0.000000000000000000e+00
0.000000000000000000e+00
0.000000000000000000e+00
