2.344834111057164383e-01
2.887447763308684939e-02
1.234456725258446276e-02
2.370852203116368892e-02
4.945152312334783612e-02
6.832253313302831532e-02
5.792801756950274883e-02
3.938642228784809685e-02
2.923160035486368005e-02
2.561325498077688875e-02
2.080675216884556381e-02
1.171841675551770628e-02
8.716064150897609442e-03
6.719299350833127064e-03
4.988958037747281797e-03
4.285005282316600370e-03
4.430701145684668753e-03
2.872850056885050633e-03
2.661182398983297139e-03
1.853193670730618340e-03
1.417752130216597259e-03
6.964031809910806636e-05
0.000000000000000000e+00
0.000000000000000000e+00
0.000000000000000000e+00
0.000000000000000000e+00
0.000000000000000000e+00
0.000000000000000000e+00
0.000000000000000000e+00
0.000000000000000000e+00
