5.384940402829171968e-02
5.061768052372244905e-03
2.107886222824982645e-03
4.427928115116440931e-03
8.921802699255101249e-03
1.170214518373910960e-02
9.560398520538707090e-03
6.263129609067366946e-03
4.498839558838892833e-03
3.812008193036879860e-03
3.044682534590109537e-03
1.652069060104976702e-03
1.197998250714578687e-03
9.079831530739909933e-04
6.772810283818891334e-04
6.018227265784870583e-04
6.397765955604785325e-04
4.013768303974899203e-04
3.857721500912114783e-04
2.658136823434322968e-04
2.037502163440261551e-04
9.778166760208235799e-06
0.000000000000000000e+00
0.000000000000000000e+00
0.000000000000000000e+00
0.000000000000000000e+00
0.000000000000000000e+00
0.000000000000000000e+00
0.000000000000000000e+00
0.000000000000000000e+00
