6.107006580559339037e-02
8.205091867819511858e-03
4.114801022883716151e-03
7.130072177373348967e-03
1.455468471580538548e-02
2.049851522669715945e-02
1.756940366779795662e-02
1.203689287348912347e-02
8.997371600311330694e-03
7.927988529191255448e-03
6.438575452712790199e-03
3.658798403748834277e-03
2.738931321321341067e-03
2.115072890295334809e-03
1.554735415077175553e-03
1.310188327457972738e-03
1.324611590343381879e-03
8.756637675789757979e-04
7.814055072758946743e-04
5.412118431342365739e-04
4.090748502571977044e-04
2.031060443981868582e-05
0.000000000000000000e+00
0.000000000000000000e+00
0.000000000000000000e+00
0.000000000000000000e+00
0.000000000000000000e+00
0.000000000000000000e+00
0.000000000000000000e+00
0.000000000000000000e+00
