7.841927950246227463e-02
7.316713290523070741e-03
2.956960496345052963e-03
6.327001197855759186e-03
1.275593292949945418e-02
1.658864214823332905e-02
1.349865198587014287e-02
8.792917803226690809e-03
6.286244962903002852e-03
5.288865473313409532e-03
4.204499043358696404e-03
2.261244307155874447e-03
1.625261957977132106e-03
1.223782046151485493e-03
9.118074239232106014e-04
8.178274117434596686e-04
8.747662934906005492e-04
5.425863278127260325e-04
5.285562406296203004e-04
3.633605794105543838e-04
2.787813161350691043e-04
1.331495038384440683e-05
0.000000000000000000e+00
0.000000000000000000e+00
0.000000000000000000e+00
0.000000000000000000e+00
0.000000000000000000e+00
0.000000000000000000e+00
0.000000000000000000e+00
0.000000000000000000e+00
