2.013347308011459186e-03
1.810427986530712947e-04
7.411329271179971790e-05
1.584023536144770069e-04
3.172953839227795171e-04
4.112609517881209088e-04
3.327536057946027721e-04
2.157068053037750240e-04
1.533526587149857334e-04
1.284232421661808937e-04
1.018258523200670445e-04
5.449701739335563276e-05
3.905422866139389920e-05
2.934610864786689401e-05
2.185540258744290184e-05
1.957344604443279765e-05
2.094154214172674287e-05
1.295123905517395144e-05
1.257909234648329705e-05
8.609390710734109555e-06
6.585148571055106236e-06
3.126677820562229312e-07
0.000000000000000000e+00
0.000000000000000000e+00
0.000000000000000000e+00
0.000000000000000000e+00
0.000000000000000000e+00
0.000000000000000000e+00
0.000000000000000000e+00
0.000000000000000000e+00
