6.949473855319382443e-03
1.012746530381306714e-03
5.563193911557098165e-04
9.226411891501354193e-04
1.901368855920448084e-03
2.765927223682084195e-03
2.410930197167796343e-03
1.693768573276684163e-03
1.290720998979804236e-03
1.163003995283022791e-03
9.638710508816242598e-04
5.606119866085119323e-04
4.304436486242671695e-04
3.405273711768990862e-04
2.543396383709278612e-04
2.142300296054957490e-04
2.170719645891395697e-04
1.492104866972004615e-04
1.311978202347413992e-04
9.250149029870311402e-05
7.071900844351200119e-05
3.586761123481108165e-06
0.000000000000000000e+00
0.000000000000000000e+00
0.000000000000000000e+00
0.000000000000000000e+00
0.000000000000000000e+00
0.000000000000000000e+00
0.000000000000000000e+00
0.000000000000000000e+00
