3.074460888080847096e-02
3.010783907647350890e-03
1.264169041900284774e-03
2.601160852343583230e-03
5.265693506514474570e-03
6.977810636452230417e-03
5.741035854182011816e-03
3.789223300618255533e-03
2.735928017081968970e-03
2.329079832217968108e-03
1.864532688394908476e-03
1.017295250054922389e-03
7.410097007228257310e-04
5.637494239523581363e-04
4.198303710808772319e-04
3.702522031441721163e-04
3.910015168222865517e-04
2.478174860657028264e-04
2.354021787601305658e-04
1.623273037592471183e-04
1.242272570573812963e-04
5.992387101453602355e-06
0.000000000000000000e+00
0.000000000000000000e+00
0.000000000000000000e+00
0.000000000000000000e+00
0.000000000000000000e+00
0.000000000000000000e+00
0.000000000000000000e+00
0.000000000000000000e+00
