5.363214594980486583e-02
6.340203456256113604e-03
2.833262327327623360e-03
5.110073537156555913e-03
1.015195101780713705e-02
1.352221701685607340e-02
1.103683348505020596e-02
7.174348865155304698e-03
5.084091817518115487e-03
4.230837057794103150e-03
3.269195312888491939e-03
1.744902005952668912e-03
1.226065638807098289e-03
8.944042835409787926e-04
6.300535588965161917e-04
5.148456747042426656e-04
5.081769190455920652e-04
3.074361764320988726e-04
2.711453920766368161e-04
1.756132047009017648e-04
1.260709826084733653e-04
5.828633007014694715e-06
0.000000000000000000e+00
0.000000000000000000e+00
0.000000000000000000e+00
0.000000000000000000e+00
0.000000000000000000e+00
0.000000000000000000e+00
0.000000000000000000e+00
0.000000000000000000e+00
