2.900607494566632039e-04
2.675676854067100002e-05
1.095260837809297761e-05
2.340764085069788812e-05
4.690538038226929471e-05
6.081194399008123063e-05
4.931572109643491477e-05
3.204335808123112098e-05
2.286878865909331164e-05
1.922313664939443199e-05
1.527895441326689529e-05
8.211623915027025335e-06
5.904515093812409180e-06
4.448246733639980024e-06
3.318173422261330620e-06
2.973050480513550045e-06
3.179621421545765039e-06
1.972645116022138202e-06
1.916123747501513406e-06
1.316097947458206129e-06
1.008787760333416781e-06
4.811518488800089695e-08
0.000000000000000000e+00
0.000000000000000000e+00
0.000000000000000000e+00
0.000000000000000000e+00
0.000000000000000000e+00
0.000000000000000000e+00
0.000000000000000000e+00
0.000000000000000000e+00
