5.068619911053232063e-02
6.490326835780578681e-03
3.049328485826873544e-03
5.393884679205725348e-03
1.090156625403037108e-02
1.494485062663767835e-02
1.248189823498149949e-02
8.322816263781682503e-03
6.044308135442721247e-03
5.168980976419836580e-03
4.081262202949017398e-03
2.239074405808361059e-03
1.613718688913778768e-03
1.202769758258568581e-03
8.613331802613295599e-04
7.121247904486211226e-04
7.110173378568636739e-04
4.420067446743615588e-04
3.952669620072467782e-04
2.631716702373620618e-04
1.933229985585620400e-04
9.162171921996268531e-06
0.000000000000000000e+00
0.000000000000000000e+00
0.000000000000000000e+00
0.000000000000000000e+00
0.000000000000000000e+00
0.000000000000000000e+00
0.000000000000000000e+00
0.000000000000000000e+00
