3.025435390490663345e-02
3.320135403653462318e-03
1.323523767948838912e-03
2.623173727389067292e-03
5.305682412544280788e-03
6.979789046278049233e-03
5.681420630450556737e-03
3.691854162867892405e-03
2.619382088762719357e-03
2.185243212806749127e-03
1.702848330223807579e-03
9.080577577887589177e-04
6.404756290631491693e-04
4.708919145518808153e-04
3.388246066319030160e-04
2.883778104028292960e-04
2.956048882100602813e-04
1.788017197141055848e-04
1.665297099626951644e-04
1.106663916719650439e-04
8.198378353900538358e-05
3.828841906532969070e-06
0.000000000000000000e+00
0.000000000000000000e+00
0.000000000000000000e+00
0.000000000000000000e+00
0.000000000000000000e+00
0.000000000000000000e+00
0.000000000000000000e+00
0.000000000000000000e+00
