4.410696136980600231e-04
3.970791130177222806e-05
1.697280205983723309e-05
3.514847696197001748e-05
6.937853756052242090e-05
8.977342202870840324e-05
7.250862884634449469e-05
4.689980210454617308e-05
3.330282184789242801e-05
2.785081559000035091e-05
2.202499471400014159e-05
1.181735776604129035e-05
8.495715267519604990e-06
6.393786530014511937e-06
4.736842644798737894e-06
4.189067572333944377e-06
4.420107429640413649e-06
2.770204701972840392e-06
2.624488212860286939e-06
1.792179629092021529e-06
1.361311597335125649e-06
6.523861722910661612e-08
0.000000000000000000e+00
0.000000000000000000e+00
0.000000000000000000e+00
0.000000000000000000e+00
0.000000000000000000e+00
0.000000000000000000e+00
0.000000000000000000e+00
0.000000000000000000e+00
