4.973247511917311577e-04
3.934556006260134090e-05
1.317495576569221100e-05
2.461736891493909577e-05
4.238703765305099156e-05
4.622945758180949360e-05
3.134011988435660059e-05
1.665886795407206078e-05
9.595045955027588265e-06
6.388606204568490581e-06
3.971124534841959467e-06
1.663808259271849353e-06
8.942507377685671804e-07
4.980870332756363985e-07
2.709314518365657648e-07
1.732062313987747605e-07
1.298538365754089694e-07
5.034821611109464896e-08
3.571353527618809446e-08
1.437586141692725165e-08
6.408476148790064507e-09
1.945264099082075167e-10
0.000000000000000000e+00
0.000000000000000000e+00
0.000000000000000000e+00
0.000000000000000000e+00
0.000000000000000000e+00
0.000000000000000000e+00
0.000000000000000000e+00
0.000000000000000000e+00
