2.420425469889824399e-04
2.174546560035381344e-05
8.917947377624604644e-06
1.918893250885471381e-05
3.830653705917155106e-05
4.937303755409202784e-05
3.992417695987302381e-05
2.582649786608524504e-05
1.837478734422772530e-05
1.537563258486853514e-05
1.219564075544281389e-05
6.524634077623085078e-06
4.676303511882288308e-06
3.515262636981781092e-06
2.623292508370681390e-06
2.369780733128855358e-06
2.544644217575832001e-06
1.576910554153128365e-06
1.540684756649287067e-06
1.059047029015472717e-06
8.130001638080153769e-07
3.886584391137917324e-08
0.000000000000000000e+00
0.000000000000000000e+00
0.000000000000000000e+00
0.000000000000000000e+00
0.000000000000000000e+00
0.000000000000000000e+00
0.000000000000000000e+00
0.000000000000000000e+00
