1.685637460551088762e-01
2.177859077713338240e-02
9.820063425198926818e-03
1.820705288421216317e-02
3.808053828388186651e-02
5.344121892780017563e-02
4.557932078502938827e-02
3.131986720845334610e-02
2.340033439710447957e-02
2.069687585654345421e-02
1.692060019399354784e-02
9.616092961413184870e-03
7.220067250866701695e-03
5.610786063123187652e-03
4.177860118524489089e-03
3.555281547922678129e-03
3.657049922179769937e-03
2.403985432977391763e-03
2.192887393252684457e-03
1.529213174714578929e-03
1.168723417501208285e-03
5.756881734540578876e-05
0.000000000000000000e+00
0.000000000000000000e+00
0.000000000000000000e+00
0.000000000000000000e+00
0.000000000000000000e+00
0.000000000000000000e+00
0.000000000000000000e+00
0.000000000000000000e+00
