7.093706728287613129e-04
6.519768492745629676e-05
2.623169556605653790e-05
5.533936941069859776e-05
1.100007991664173724e-04
1.413068714872981304e-04
1.133399109407966649e-04
7.284795513413091443e-05
5.129187773775301161e-05
4.255008858068416028e-05
3.335544049186487531e-05
1.765561527894859869e-05
1.250204645192268141e-05
9.280550199447184273e-06
6.831017602211671432e-06
6.041403230359251605e-06
6.394690528299170659e-06
3.898745769914647298e-06
3.746275384344662885e-06
2.527664084205001569e-06
1.910263951411012937e-06
8.959613699904958706e-08
0.000000000000000000e+00
0.000000000000000000e+00
0.000000000000000000e+00
0.000000000000000000e+00
0.000000000000000000e+00
0.000000000000000000e+00
0.000000000000000000e+00
0.000000000000000000e+00
