9.334745983560548089e-04
8.432244966696095766e-05
3.530366693406919345e-05
7.435164506254842755e-05
1.475581580613019746e-04
1.909560760245239083e-04
1.545319916849956113e-04
1.000424557386237075e-04
7.118045736834456550e-05
5.963956340542319543e-05
4.724767029110061553e-05
2.536951105620552008e-05
1.824762353776943514e-05
1.373697666062076205e-05
1.020728508287803221e-05
9.106226930588019817e-06
9.670547116663691199e-06
6.044672761241775065e-06
5.794138448400805677e-06
3.973964093190244091e-06
3.034144791765632921e-06
1.456601414694583799e-07
0.000000000000000000e+00
0.000000000000000000e+00
0.000000000000000000e+00
0.000000000000000000e+00
0.000000000000000000e+00
0.000000000000000000e+00
0.000000000000000000e+00
0.000000000000000000e+00
