6.593531572024770998e-03
5.857544178824439967e-04
2.494419685197711502e-04
5.287342474823363784e-04
1.051090840507867916e-03
1.362755665293078223e-03
1.102868621432812231e-03
7.168228034386828684e-04
5.108831579711569423e-04
4.296226919662628815e-04
3.420910282874825873e-04
1.839716802167303585e-04
1.329114388660065666e-04
1.005993260152581690e-04
7.527810171299859890e-05
6.743746147161947403e-05
7.213659002280214299e-05
4.519649478330326262e-05
4.353833082848278843e-05
2.992659461556843403e-05
2.294108863628114834e-05
1.096661667870180650e-06
0.000000000000000000e+00
0.000000000000000000e+00
0.000000000000000000e+00
0.000000000000000000e+00
0.000000000000000000e+00
0.000000000000000000e+00
0.000000000000000000e+00
0.000000000000000000e+00
