9.725325473131854470e-02
9.333739016515135364e-03
3.454546321341987920e-03
5.784167943329804676e-03
1.003660000828461053e-02
1.131387776568431106e-02
7.776220888620679998e-03
4.167870390783095721e-03
2.404858529401053980e-03
1.596291528524487312e-03
9.670370343835058263e-04
3.998519758137734849e-04
2.065611135358432057e-04
1.080836449100239721e-04
5.275831887151750043e-05
2.772569499940939528e-05
1.696632514222378655e-05
5.117008653688297527e-06
2.229173702390429968e-06
4.914950682395316828e-07
4.509595527091891999e-08
0.000000000000000000e+00
0.000000000000000000e+00
0.000000000000000000e+00
0.000000000000000000e+00
0.000000000000000000e+00
0.000000000000000000e+00
0.000000000000000000e+00
0.000000000000000000e+00
0.000000000000000000e+00
