1.968907947476443779e-02
1.601202818599874872e-03
5.355396732467445102e-04
9.141095831979759948e-04
1.496619345775314878e-03
1.576166443783437888e-03
1.027651090858210580e-03
5.245440361387548010e-04
2.902831965200384817e-04
1.866379179833084500e-04
1.113361218739231638e-04
4.604334014448080475e-05
2.394498029958617568e-05
1.245876081040692646e-05
5.919034256988139488e-06
2.966786277824508012e-06
1.650772259654822954e-06
4.409353612317840379e-07
1.665247527603277606e-07
3.170503396321076102e-08
2.541203057102307170e-09
0.000000000000000000e+00
0.000000000000000000e+00
0.000000000000000000e+00
0.000000000000000000e+00
0.000000000000000000e+00
0.000000000000000000e+00
0.000000000000000000e+00
0.000000000000000000e+00
0.000000000000000000e+00
