3.375597004022702890e-03
4.156331171740564783e-04
2.000991853287166977e-04
3.223855524919000599e-04
6.083515178720151585e-04
7.838493425824050263e-04
6.101472241922778180e-04
3.743089611502151441e-04
2.479862487385218117e-04
1.910801875806763541e-04
1.350972089134861310e-04
6.578024574787122761e-05
4.117238472730202321e-05
2.646861759924845693e-05
1.620943540757506293e-05
1.119429210164159586e-05
9.407556106965428834e-06
4.532605109812377679e-06
3.352529541220064235e-06
1.681317825383565180e-06
9.318647541304682411e-07
3.423592450377717177e-08
0.000000000000000000e+00
0.000000000000000000e+00
0.000000000000000000e+00
0.000000000000000000e+00
0.000000000000000000e+00
0.000000000000000000e+00
0.000000000000000000e+00
0.000000000000000000e+00
