5.977234615139694063e-02
6.211995316038896979e-03
2.588604347157505425e-03
5.236766358574125590e-03
1.069703298540139805e-02
1.432334738541122914e-02
1.188751697493458347e-02
7.901507858478193369e-03
5.738729105075781982e-03
4.914327692238638391e-03
3.937996555617145206e-03
2.162599295194714884e-03
1.579591130965611384e-03
1.201648204645778227e-03
8.906639221629056953e-04
7.784753264603172648e-04
8.156799525932281834e-04
5.177238719961612485e-04
4.889167073228160333e-04
3.372716495432855218e-04
2.576371949667607400e-04
1.246541623472160635e-05
0.000000000000000000e+00
0.000000000000000000e+00
0.000000000000000000e+00
0.000000000000000000e+00
0.000000000000000000e+00
0.000000000000000000e+00
0.000000000000000000e+00
0.000000000000000000e+00
