3.170254311761791510e-02
3.487019433928879864e-03
1.378706409876358707e-03
2.766187250738819277e-03
5.634523386238263383e-03
7.443198722935114378e-03
6.095633890908857579e-03
3.984712599515281665e-03
2.846693786025313380e-03
2.390868711255777785e-03
1.876708398999097152e-03
1.008120435545929987e-03
7.166354560049944785e-04
5.311263146425964114e-04
3.852793887861327726e-04
3.312940452408836742e-04
3.424680641068322167e-04
2.093613956105543831e-04
1.968981242449030597e-04
1.323480447508352945e-04
9.905751358306829593e-05
4.671572885367946121e-06
0.000000000000000000e+00
0.000000000000000000e+00
0.000000000000000000e+00
0.000000000000000000e+00
0.000000000000000000e+00
0.000000000000000000e+00
0.000000000000000000e+00
0.000000000000000000e+00
