1.183934621080589680e-05
1.047211351678100586e-06
4.220905737468938042e-07
8.940737966634788600e-07
1.754017687638704724e-06
2.222107088453869220e-06
1.763260261600449449e-06
1.119730746406805349e-06
7.806464235116295394e-07
6.403743163312279415e-07
4.980680059403952763e-07
2.608622792521402445e-07
1.829898804107977851e-07
1.347756677265777931e-07
9.877047456233215310e-08
8.746605720811933577e-08
9.245943217220871971e-08
5.590782590560991493e-08
5.368255801709045447e-08
3.600055480421630793e-08
2.707331870229858700e-08
1.266034592032490708e-09
0.000000000000000000e+00
0.000000000000000000e+00
0.000000000000000000e+00
0.000000000000000000e+00
0.000000000000000000e+00
0.000000000000000000e+00
0.000000000000000000e+00
0.000000000000000000e+00
