1.320690298670914187e-03
1.198915105350729655e-04
4.825467322981923248e-05
9.740889602534830540e-05
1.880757869932858650e-04
2.361331661353661764e-04
1.849987573518093516e-04
1.157277176432273806e-04
7.942352683601299498e-05
6.407266494107223456e-05
4.878748178602987297e-05
2.521891640524042709e-05
1.735318946948195831e-05
1.251232308770110361e-05
8.899853994260620066e-06
7.555181164331541362e-06
7.691815685872585207e-06
4.562184148671751984e-06
4.199751466508200208e-06
2.732535030970513734e-06
1.989879258096761374e-06
9.163550824404548117e-08
0.000000000000000000e+00
0.000000000000000000e+00
0.000000000000000000e+00
0.000000000000000000e+00
0.000000000000000000e+00
0.000000000000000000e+00
0.000000000000000000e+00
0.000000000000000000e+00
