1.076313778060531551e-02
9.704944757896393718e-04
4.056050419136015672e-04
8.624471866885901694e-04
1.720541396121266125e-03
2.232778378895253213e-03
1.810402082124396277e-03
1.176847436439031145e-03
8.394040910919808298e-04
7.059494286982105973e-04
5.616386152161430495e-04
3.020576294009024885e-04
2.179367326791364456e-04
1.646846614079115507e-04
1.230478776679031600e-04
1.103875498916123324e-04
1.180549345583090142e-04
7.384869930896266769e-05
7.133448917713840383e-05
4.906417650562685612e-05
3.763139914902408073e-05
1.801647793013987774e-06
0.000000000000000000e+00
0.000000000000000000e+00
0.000000000000000000e+00
0.000000000000000000e+00
0.000000000000000000e+00
0.000000000000000000e+00
0.000000000000000000e+00
0.000000000000000000e+00
