1.847027117394210161e-01
1.752132698550945555e-02
7.212980627132562807e-03
1.517707466922178436e-02
3.073934982803318283e-02
4.054324151501124268e-02
3.326286338361953560e-02
2.187782745827564906e-02
1.573594760122788011e-02
1.333982481676802313e-02
1.065406247855309706e-02
5.780725557037465212e-03
4.190393207323703934e-03
3.176373274874830493e-03
2.367401920243104255e-03
2.099022100431706655e-03
2.230479668286437095e-03
1.397578575464535414e-03
1.343839505157460668e-03
9.253620401391557740e-04
7.092591625363726601e-04
3.394918823358313573e-05
0.000000000000000000e+00
0.000000000000000000e+00
0.000000000000000000e+00
0.000000000000000000e+00
0.000000000000000000e+00
0.000000000000000000e+00
0.000000000000000000e+00
0.000000000000000000e+00
