4.288578105134102647e-02
4.872427983994094894e-03
2.061158120287723359e-03
3.971767034546650442e-03
8.067345379863075094e-03
1.082906365919606914e-02
8.961555667187892996e-03
5.927144215522248127e-03
4.280004508469750259e-03
3.638722046559266041e-03
2.882006943339683169e-03
1.571934485814471209e-03
1.134812418144450288e-03
8.519218002192342504e-04
6.205042076499232102e-04
5.287182604921856176e-04
5.420612937979138804e-04
3.395079480468137022e-04
3.126792275997848907e-04
2.116258011572126271e-04
1.585115432903276978e-04
7.574551163561107080e-06
0.000000000000000000e+00
0.000000000000000000e+00
0.000000000000000000e+00
0.000000000000000000e+00
0.000000000000000000e+00
0.000000000000000000e+00
0.000000000000000000e+00
0.000000000000000000e+00
