6.715388823871351002e-05
6.242757217403268039e-06
2.637953173371781239e-06
5.531141465786045128e-06
1.105000386188033109e-05
1.435631428194977859e-05
1.168417484960040195e-05
7.624311826772282624e-06
5.464136716473378454e-06
4.609570354148066140e-06
3.676112661598737863e-06
1.985935935961173104e-06
1.436373519640612180e-06
1.087932581601497916e-06
8.120814015136357001e-07
7.275698488514394515e-07
7.756043696439643187e-07
4.884061920781375927e-07
4.703675014488205076e-07
3.244136610925716189e-07
2.489902166693660900e-07
1.201375955723891846e-08
0.000000000000000000e+00
0.000000000000000000e+00
0.000000000000000000e+00
0.000000000000000000e+00
0.000000000000000000e+00
0.000000000000000000e+00
0.000000000000000000e+00
0.000000000000000000e+00
