3.120429705867552861e-03
2.965639582223131960e-04
1.229810424779661658e-04
2.581172328970080844e-04
5.181774659119859489e-04
6.757459859951872464e-04
5.500447174705234976e-04
3.589889556664926365e-04
2.573788924457449099e-04
2.177355072971456581e-04
1.735491428331319879e-04
9.398742482670759178e-05
6.800905970212362157e-05
5.141040286229594267e-05
3.828158874948840609e-05
3.403951408865020051e-05
3.614482572373197555e-05
2.262306320911729217e-05
2.174010439595622013e-05
1.495898642672505676e-05
1.145103667176906173e-05
5.498631031835191194e-07
0.000000000000000000e+00
0.000000000000000000e+00
0.000000000000000000e+00
0.000000000000000000e+00
0.000000000000000000e+00
0.000000000000000000e+00
0.000000000000000000e+00
0.000000000000000000e+00
