4.721553768311465699e-02
4.505308207311371597e-03
1.885658758611139744e-03
3.933438352506507529e-03
7.928451026812664490e-03
1.043257747300025719e-02
8.541058279948473067e-03
5.609507722826354015e-03
4.037124384402905782e-03
3.429052552103082144e-03
2.741614690374288843e-03
1.491379203771652905e-03
1.084390391345652896e-03
8.236329003991543557e-04
6.144020306199239178e-04
5.448866912436618791e-04
5.779306316522248195e-04
3.645909616835080322e-04
3.485553774297235553e-04
2.403880035489387203e-04
1.842448197897081428e-04
8.868216037652990941e-06
0.000000000000000000e+00
0.000000000000000000e+00
0.000000000000000000e+00
0.000000000000000000e+00
0.000000000000000000e+00
0.000000000000000000e+00
0.000000000000000000e+00
0.000000000000000000e+00
