2.138131767989653951e-05
1.861345810440481507e-06
7.247598852255705839e-07
1.499402434885309236e-06
2.881260734543706130e-06
3.563595726659287269e-06
2.753693597048774230e-06
1.700670465352478772e-06
1.150482705257396248e-06
9.150632317059495088e-07
6.892682542639438804e-07
3.493645979465951579e-07
2.363269864923906529e-07
1.679565409567275772e-07
1.189945495935338330e-07
1.016308207501826715e-07
1.042495975711617057e-07
6.008351578867618699e-08
5.617691427224481963e-08
3.608439619134391682e-08
2.614192774842591109e-08
1.176131967209892537e-09
0.000000000000000000e+00
0.000000000000000000e+00
0.000000000000000000e+00
0.000000000000000000e+00
0.000000000000000000e+00
0.000000000000000000e+00
0.000000000000000000e+00
0.000000000000000000e+00
