0	3.27203
1.33124e-05	4.11582
2.66248e-05	5.1638
3.99372e-05	6.40199
5.32496e-05	7.87124
6.6562e-05	9.60023
7.98744e-05	11.6181
9.31867e-05	13.958
0.000106499	16.6491
0.000119812	19.7281
0.000133124	23.2231
0.000146436	27.1738
0.000159749	31.6054
0.000173061	36.559
0.000186373	42.0547
0.000199686	48.1319
0.000212998	54.8031
0.000226311	62.1014
0.000239623	70.0293
0.000252935	78.6079
0.000266248	87.8284
0.00027956	97.6941
0.000292873	108.186
0.000306185	119.286
0.000319497	130.969
0.00033281	143.196
0.000346122	155.941
0.000359435	169.15
0.000372747	182.803
0.000386059	196.843
0.000399372	211.258
0.000412684	225.999
0.000425997	241.063
0.000439309	256.418
0.000452621	272.063
0.000465934	287.985
0.000479246	304.178
0.000492559	320.631
0.000505871	337.333
0.000519183	354.257
0.000532496	371.379
0.000545808	388.64
0.00055912	406.005
0.000572433	423.373
0.000585745	440.709
0.000599058	457.875
0.00061237	474.846
0.000625682	491.474
0.000638995	507.752
0.000652307	523.561
0.00066562	538.912
0.000678932	553.754
0.000692244	568.113
0.000705557	582.023
0.000718869	595.513
0.000732182	608.694
0.000745494	621.586
0.000758806	634.334
0.000772119	646.939
0.000785431	659.517
0.000798744	672.051
0.000812056	684.568
0.000825368	697.037
0.000838681	709.363
0.000851993	721.513
0.000865305	733.277
0.000878618	744.631
0.00089193	755.304
0.000905243	765.288
0.000918555	774.326
0.000931867	782.426
0.00094518	789.422
0.000958492	795.334
0.000971805	800.131
0.000985117	803.836
0.000998429	806.609
0.00101174	808.413
0.00102505	809.213
0.00103837	809.56
0.00105168	809.437
0.00106499	808.727
0.0010783	807.791
0.00109162	806.612
0.00110493	805.351
0.00111824	804
0.00113155	802.637
0.00114487	801.253
0.00115818	799.839
0.00117149	798.391
0.0011848	796.832
0.00119812	795.159
0.00121143	793.255
0.00122474	791.12
0.00123805	788.623
0.00125136	785.766
0.00126468	782.432
0.00127799	778.623
0.0012913	774.259
0.00130461	769.343
0.00131793	763.854
0.00133124	757.791
0.00134455	751.199
0.00135786	744.077
0.00137118	736.527
0.00138449	728.549
0.0013978	720.278
0.00141111	711.713
0.00142443	702.992
0.00143774	694.116
0.00145105	685.191
0.00146436	676.22
0.00147768	667.261
0.00149099	658.319
0.0015043	649.403
0.00151761	640.516
0.00153093	631.63
0.00154424	622.746
0.00155755	613.817
0.00157086	604.842
0.00158417	595.761
0.00159749	586.576
0.0016108	577.218
0.00162411	567.689
0.00163742	557.913
0.00165074	547.891
0.00166405	537.543
0.00167736	526.865
0.00169067	515.782
0.00170399	504.289
0.0017173	492.328
0.00173061	479.893
0.00174392	466.968
0.00175724	453.544
0.00177055	439.664
0.00178386	425.319
0.00179717	410.612
0.00181049	395.542
0.0018238	380.26
0.00183711	364.773
0.00185042	349.258
0.00186373	333.73
0.00187705	318.363
0.00189036	303.177
0.00190367	288.313
0.00191698	273.796
0.0019303	259.713
0.00194361	246.087
0.00195692	232.949
0.00197023	220.314
0.00198355	208.165
0.00199686	196.509
0.00201017	185.3
0.00202348	174.533
0.0020368	164.158
0.00205011	154.165
0.00206342	144.516
0.00207673	135.2
0.00209005	126.205
0.00210336	117.521
0.00211667	109.165
0.00212998	101.132
0.0021433	93.4549
0.00215661	86.1379
0.00216992	79.2142
0.00218323	72.694
0.00219654	66.598
0.00220986	60.9377
0.00222317	55.7135
0.00223648	50.9332
0.00224979	46.5765
0.00226311	42.644
0.00227642	39.1009
0.00228973	35.9401
0.00230304	33.1202
0.00231636	30.6282
0.00232967	28.4229
0.00234298	26.4882
0.00235629	24.7864
0.00236961	23.3009
0.00238292	21.9968
0.00239623	20.8581
0.00240954	19.8518
0.00242286	18.9616
0.00243617	18.1566
0.00244948	17.4193
0.00246279	16.7226
0.0024761	16.0486
0.00248942	15.3775
0.00250273	14.6923
0.00251604	13.9836
0.00252935	13.2386
0.00254267	12.459
0.00255598	11.6388
0.00256929	10.7887
0.0025826	9.9111
0.00259592	9.02116
0.00260923	8.12832
0.00262254	7.24769
0.00263585	6.39859
0.00264917	5.57439
