0	0.000702464
1.33124e-05	0.00149646
2.66248e-05	0.00387846
3.99372e-05	0.00796593
5.32496e-05	0.0170093
6.6562e-05	0.0322013
7.98744e-05	0.0598008
9.31867e-05	0.103692
0.000106499	0.170201
0.000119812	0.267101
0.000133124	0.397554
0.000146436	0.56859
0.000159749	0.779915
0.000173061	1.03295
0.000186373	1.33049
0.000199686	1.67131
0.000212998	2.07034
0.000226311	2.53726
0.000239623	3.10051
0.000252935	3.79387
0.000266248	4.64896
0.00027956	5.72163
0.000292873	7.03181
0.000306185	8.63662
0.000319497	10.5373
0.00033281	12.766
0.000346122	15.3147
0.000359435	18.1845
0.000372747	21.3772
0.000386059	24.89
0.000399372	28.7397
0.000412684	32.9505
0.000425997	37.5378
0.000439309	42.5423
0.000452621	47.9707
0.000465934	53.8535
0.000479246	60.2012
0.000492559	67.049
0.000505871	74.4071
0.000519183	82.3265
0.000532496	90.7912
0.000545808	99.8061
0.00055912	109.341
0.000572433	119.314
0.000585745	129.737
0.000599058	140.56
0.00061237	151.847
0.000625682	163.732
0.000638995	176.252
0.000652307	189.633
0.00066562	203.811
0.000678932	218.792
0.000692244	234.465
0.000705557	250.489
0.000718869	266.83
0.000732182	283.114
0.000745494	299.41
0.000758806	315.69
0.000772119	332.015
0.000785431	348.628
0.000798744	365.485
0.000812056	382.642
0.000825368	399.988
0.000838681	417.114
0.000851993	433.946
0.000865305	449.829
0.000878618	464.784
0.00089193	478.382
0.000905243	490.705
0.000918555	501.819
0.000931867	511.793
0.00094518	521.058
0.000958492	529.636
0.000971805	537.998
0.000985117	546.136
0.000998429	554.391
0.00101174	562.755
0.00102505	571.476
0.00103837	580.538
0.00105168	590.071
0.00106499	600.027
0.0010783	610.157
0.00109162	620.405
0.00110493	630.021
0.00111824	638.993
0.00113155	646.478
0.00114487	652.518
0.00115818	656.922
0.00117149	659.668
0.0011848	660.443
0.00119812	660.709
0.00121143	660.545
0.00122474	659.63
0.00123805	658.778
0.00125136	657.962
0.00126468	657.221
0.00127799	656.546
0.0012913	655.662
0.00130461	654.569
0.00131793	652.897
0.00133124	650.65
0.00134455	647.569
0.00135786	643.653
0.00137118	638.841
0.00138449	633.13
0.0013978	626.591
0.00141111	619.221
0.00142443	611.129
0.00143774	602.311
0.00145105	592.965
0.00146436	583.085
0.00147768	573.04
0.00149099	562.833
0.0015043	552.792
0.00151761	542.946
0.00153093	533.207
0.00154424	523.601
0.00155755	513.711
0.00157086	503.517
0.00158417	492.831
0.00159749	481.606
0.0016108	470.161
0.00162411	458.484
0.00163742	447.031
0.00165074	435.843
0.00166405	425.058
0.00167736	414.716
0.00169067	404.652
0.00170399	394.869
0.0017173	385.183
0.00173061	375.578
0.00174392	365.948
0.00175724	356.287
0.00177055	346.476
0.00178386	336.505
0.00179717	326.273
0.00181049	315.741
0.0018238	305.008
0.00183711	294.039
0.00185042	283.142
0.00186373	272.343
0.00187705	261.895
0.00189036	251.866
0.00190367	242.235
0.00191698	233.039
0.0019303	224.103
0.00194361	215.396
0.00195692	206.863
0.00197023	198.461
0.00198355	190.305
0.00199686	182.401
0.00201017	174.854
0.00202348	167.707
0.0020368	160.911
0.00205011	154.492
0.00206342	148.268
0.00207673	142.218
0.00209005	136.154
0.00210336	130.017
0.00211667	123.742
0.00212998	117.27
0.0021433	110.696
0.00215661	104.004
0.00216992	97.3668
0.00218323	90.8201
0.00219654	84.5164
0.00220986	78.5112
0.00222317	72.8906
0.00223648	67.704
0.00224979	62.9648
0.00226311	58.7035
0.00227642	54.8685
0.00228973	51.4656
0.00230304	48.396
0.00231636	45.6377
0.00232967	43.0763
0.00234298	40.6629
0.00235629	38.3189
0.00236961	35.9856
0.00238292	33.6621
0.00239623	31.3167
0.00240954	29.0081
0.00242286	26.7525
0.00243617	24.5981
0.00244948	22.5849
0.00246279	20.703
0.0024761	18.9706
0.00248942	17.3392
0.00250273	15.7877
0.00251604	14.2827
0.00252935	12.7891
0.00254267	11.3165
0.00255598	9.85118
0.00256929	8.42867
0.0025826	7.06518
0.00259592	5.79135
0.00260923	4.63603
0.00262254	3.60998
0.00263585	2.73504
0.00264917	2.00373
