0	0.0700705
1.33124e-05	0.105082
2.66248e-05	0.164984
3.99372e-05	0.245167
5.32496e-05	0.35909
6.6562e-05	0.514635
7.98744e-05	0.725911
9.31867e-05	1.00541
0.000106499	1.37087
0.000119812	1.84021
0.000133124	2.43491
0.000146436	3.17901
0.000159749	4.09828
0.000173061	5.22412
0.000186373	6.58752
0.000199686	8.22943
0.000212998	10.1865
0.000226311	12.512
0.000239623	15.247
0.000252935	18.4589
0.000266248	22.1891
0.00027956	26.5173
0.000292873	31.4787
0.000306185	37.1577
0.000319497	43.5765
0.00033281	50.8102
0.000346122	58.864
0.000359435	67.7875
0.000372747	77.5688
0.000386059	88.2203
0.000399372	99.7179
0.000412684	112.034
0.000425997	125.14
0.000439309	138.975
0.000452621	153.51
0.000465934	168.665
0.000479246	184.411
0.000492559	200.655
0.000505871	217.366
0.000519183	234.436
0.000532496	251.834
0.000545808	269.433
0.00055912	287.203
0.000572433	305.003
0.000585745	322.808
0.000599058	340.477
0.00061237	357.995
0.000625682	375.239
0.000638995	392.207
0.000652307	408.809
0.00066562	425.046
0.000678932	440.869
0.000692244	456.28
0.000705557	471.257
0.000718869	485.802
0.000732182	499.905
0.000745494	513.567
0.000758806	526.778
0.000772119	539.535
0.000785431	551.824
0.000798744	563.644
0.000812056	574.983
0.000825368	585.851
0.000838681	596.273
0.000851993	606.267
0.000865305	615.931
0.000878618	625.285
0.00089193	634.502
0.000905243	643.59
0.000918555	652.74
0.000931867	661.943
0.00094518	671.308
0.000958492	680.814
0.000971805	690.42
0.000985117	700.1
0.000998429	709.664
0.00101174	719.096
0.00102505	728.127
0.00103837	736.753
0.00105168	744.72
0.00106499	752.034
0.0010783	758.522
0.00109162	764.192
0.00110493	768.974
0.00111824	772.875
0.00113155	775.928
0.00114487	778.126
0.00115818	779.437
0.00117149	780.06
0.0011848	779.996
0.00119812	779.179
0.00121143	777.725
0.00122474	775.63
0.00123805	772.921
0.00125136	769.599
0.00126468	765.686
0.00127799	761.184
0.0012913	756.139
0.00130461	750.551
0.00131793	744.504
0.00133124	737.997
0.00134455	731.124
0.00135786	723.884
0.00137118	716.339
0.00138449	708.49
0.0013978	700.333
0.00141111	691.87
0.00142443	683.037
0.00143774	673.834
0.00145105	664.177
0.00146436	654.064
0.00147768	643.444
0.00149099	632.312
0.0015043	620.695
0.00151761	608.587
0.00153093	596.104
0.00154424	583.24
0.00155755	570.18
0.00157086	556.921
0.00158417	543.676
0.00159749	530.447
0.0016108	517.422
0.00162411	504.612
0.00163742	492.136
0.00165074	480.007
0.00166405	468.242
0.00167736	456.855
0.00169067	445.744
0.00170399	434.919
0.0017173	424.18
0.00173061	413.524
0.00174392	402.715
0.00175724	391.737
0.00177055	380.399
0.00178386	368.674
0.00179717	356.491
0.00181049	343.82
0.0018238	330.742
0.00183711	317.237
0.00185042	303.515
0.00186373	289.577
0.00187705	275.7
0.00189036	261.906
0.00190367	248.465
0.00191698	235.414
0.0019303	222.949
0.00194361	211.114
0.00195692	199.993
0.00197023	189.623
0.00198355	179.983
0.00199686	171.091
0.00201017	162.853
0.00202348	155.266
0.0020368	148.21
0.00205011	141.664
0.00206342	135.523
0.00207673	129.758
0.00209005	124.298
0.00210336	119.118
0.00211667	114.185
0.00212998	109.482
0.0021433	105.001
0.00215661	100.737
0.00216992	96.6866
0.00218323	92.8519
0.00219654	89.2224
0.00220986	85.7996
0.00222317	82.5589
0.00223648	79.498
0.00224979	76.5808
0.00226311	73.7997
0.00227642	71.1132
0.00228973	68.5092
0.00230304	65.9442
0.00231636	63.4029
0.00232967	60.8434
0.00234298	58.247
0.00235629	55.5815
0.00236961	52.8261
0.00238292	49.9702
0.00239623	46.9964
0.00240954	43.9242
0.00242286	40.7482
0.00243617	37.5155
0.00244948	34.2391
0.00246279	30.979
0.0024761	27.7653
0.00248942	24.6516
0.00250273	21.6761
0.00251604	18.8721
0.00252935	16.2734
0.00254267	13.8896
0.00255598	11.7413
0.00256929	9.82033
0.0025826	8.13157
0.00259592	6.65763
0.00260923	5.39111
0.00262254	4.31212
0.00263585	3.39702
0.00264917	2.6539
