0	0.000902099
1.33124e-05	0.00184729
2.66248e-05	0.00468287
3.99372e-05	0.00946158
5.32496e-05	0.0199622
6.6562e-05	0.0374415
7.98744e-05	0.0703021
9.31867e-05	0.122901
0.000106499	0.205843
0.000119812	0.330107
0.000133124	0.504457
0.000146436	0.742897
0.000159749	1.04834
0.000173061	1.42966
0.000186373	1.88823
0.000199686	2.42426
0.000212998	3.05192
0.000226311	3.77784
0.000239623	4.63729
0.000252935	5.66942
0.000266248	6.91457
0.00027956	8.44649
0.000292873	10.2796
0.000306185	12.4798
0.000319497	15.0248
0.00033281	17.9208
0.000346122	21.1378
0.000359435	24.6238
0.000372747	28.3841
0.000386059	32.3789
0.000399372	36.6657
0.000412684	41.2982
0.000425997	46.363
0.000439309	52.0294
0.000452621	58.3723
0.000465934	65.6253
0.000479246	73.8169
0.000492559	83.1524
0.000505871	93.5943
0.000519183	105.216
0.000532496	117.918
0.000545808	131.56
0.00055912	146.018
0.000572433	160.937
0.000585745	176.233
0.000599058	191.468
0.00061237	206.652
0.000625682	221.498
0.000638995	236.109
0.000652307	250.555
0.00066562	264.947
0.000678932	279.673
0.000692244	294.739
0.000705557	310.482
0.000718869	326.778
0.000732182	343.498
0.000745494	360.498
0.000758806	377.184
0.000772119	393.529
0.000785431	408.96
0.000798744	423.58
0.000812056	437.329
0.000825368	450.335
0.000838681	463.077
0.000851993	475.605
0.000865305	488.534
0.000878618	501.814
0.00089193	515.729
0.000905243	530.177
0.000918555	544.889
0.000931867	559.783
0.00094518	574.191
0.000958492	588.107
0.000971805	600.926
0.000985117	612.707
0.000998429	623.316
0.00101174	632.808
0.00102505	641.465
0.00103837	649.289
0.00105168	656.554
0.00106499	663.235
0.0010783	669.339
0.00109162	674.86
0.00110493	679.723
0.00111824	683.94
0.00113155	687.581
0.00114487	690.651
0.00115818	693.281
0.00117149	695.464
0.0011848	697.243
0.00119812	698.585
0.00121143	698.933
0.00122474	699.032
0.00123805	698.815
0.00125136	697.451
0.00126468	695.406
0.00127799	692.661
0.0012913	688.999
0.00130461	684.42
0.00131793	678.805
0.00133124	672.154
0.00134455	664.727
0.00135786	656.516
0.00137118	648.219
0.00138449	639.831
0.0013978	632.027
0.00141111	624.821
0.00142443	618.298
0.00143774	612.483
0.00145105	606.798
0.00146436	601.251
0.00147768	595.125
0.00149099	588.395
0.0015043	580.796
0.00151761	572.29
0.00153093	563.148
0.00154424	553.361
0.00155755	543.308
0.00157086	533.017
0.00158417	522.545
0.00159749	511.923
0.0016108	500.898
0.00162411	489.462
0.00163742	477.446
0.00165074	464.804
0.00166405	451.751
0.00167736	438.257
0.00169067	424.816
0.00170399	411.45
0.0017173	398.563
0.00173061	386.211
0.00174392	374.478
0.00175724	363.405
0.00177055	352.855
0.00178386	342.829
0.00179717	333.175
0.00181049	323.88
0.0018238	314.824
0.00183711	306.004
0.00185042	297.267
0.00186373	288.602
0.00187705	279.85
0.00189036	270.98
0.00190367	261.936
0.00191698	252.687
0.0019303	243.285
0.00194361	233.725
0.00195692	224.076
0.00197023	214.34
0.00198355	204.592
0.00199686	194.826
0.00201017	185.191
0.00202348	175.695
0.0020368	166.531
0.00205011	157.745
0.00206342	149.441
0.00207673	141.672
0.00209005	134.392
0.00210336	127.617
0.00211667	121.23
0.00212998	115.205
0.0021433	109.473
0.00215661	103.997
0.00216992	98.786
0.00218323	93.8312
0.00219654	89.1575
0.00220986	84.7832
0.00222317	80.6737
0.00223648	76.8423
0.00224979	73.1852
0.00226311	69.6807
0.00227642	66.2228
0.00228973	62.7607
0.00230304	59.2591
0.00231636	55.6749
0.00232967	52.0529
0.00234298	48.3873
0.00235629	44.7557
0.00236961	41.1871
0.00238292	37.7384
0.00239623	34.4472
0.00240954	31.3312
0.00242286	28.4121
0.00243617	25.6874
0.00244948	23.1612
0.00246279	20.8323
0.0024761	18.7028
0.00248942	16.7661
0.00250273	15.0267
0.00251604	13.4552
0.00252935	12.043
0.00254267	10.7488
0.00255598	9.5432
0.00256929	8.40537
0.0025826	7.30495
0.00259592	6.25313
0.00260923	5.24248
0.00262254	4.29708
0.00263585	3.43958
0.00264917	2.66223
