3.334195873812926939e-05
3.932952880929479702e-05
7.464081219208377376e-05
2.983476014284826131e-04
7.879331884011027626e-04
1.214303455736447188e-03
1.101403202864275439e-03
7.688186097535672963e-04
5.680560161539269888e-04
4.829823280426865663e-04
3.839769632480966402e-04
2.024167272267201354e-04
1.416887186110180248e-04
1.035389809100602194e-04
7.495417179568652360e-05
6.488158426447816567e-05
6.714840211556431793e-05
3.928521001961781355e-05
3.688972098273443715e-05
2.393267993481195885e-05
1.744362421416555779e-05
7.921939979270595038e-07
0.000000000000000000e+00
0.000000000000000000e+00
0.000000000000000000e+00
0.000000000000000000e+00
0.000000000000000000e+00
0.000000000000000000e+00
0.000000000000000000e+00
0.000000000000000000e+00
