5.099109433466982033e-04
6.373698289940388229e-04
1.201423394825104976e-03
5.290062982121988659e-03
1.627271067125914475e-02
2.924950988601627416e-02
3.027996960665692294e-02
2.402969341415943372e-02
1.990031177299712850e-02
1.898244245929676943e-02
1.646674537681954223e-02
9.760580697731275138e-03
7.608769781150978573e-03
6.092283364235603037e-03
4.646105889454775657e-03
4.048234888219262410e-03
4.214152243508260953e-03
2.833103915113671916e-03
2.594666475478702664e-03
1.833026399673558108e-03
1.411048188972053100e-03
7.086462917494188720e-05
0.000000000000000000e+00
0.000000000000000000e+00
0.000000000000000000e+00
0.000000000000000000e+00
0.000000000000000000e+00
0.000000000000000000e+00
0.000000000000000000e+00
0.000000000000000000e+00
