7.667590289640258887e-05
8.980517932910054473e-05
1.652480137258610789e-04
6.556059536124162141e-04
1.724816775581776646e-03
2.634030567888022076e-03
2.352858428672148765e-03
1.605659780377175589e-03
1.155010868613625405e-03
9.518032811043472454e-04
7.287976786085581223e-04
3.718532758856310776e-04
2.495562340109796010e-04
1.743157881889572443e-04
1.197482475308402186e-04
9.736173944218893541e-05
9.511545747554168788e-05
5.248342541085509430e-05
4.652589670048932569e-05
2.829001174116416802e-05
1.934599655667554492e-05
8.387471464406416136e-07
0.000000000000000000e+00
0.000000000000000000e+00
0.000000000000000000e+00
0.000000000000000000e+00
0.000000000000000000e+00
0.000000000000000000e+00
0.000000000000000000e+00
0.000000000000000000e+00
