8.842176480072813736e-04
1.078249341578046755e-03
2.030372820742702006e-03
8.805695646136276963e-03
2.578053101294421057e-02
4.381575966556549434e-02
4.339716754329910053e-02
3.303742909142382000e-02
2.643261763551746010e-02
2.438694524401178662e-02
2.071437240210422318e-02
1.186775167316267074e-02
8.977149068865394529e-03
7.025750628121977051e-03
5.332605718198821405e-03
4.715768443238606798e-03
4.995315652223193160e-03
3.197524267917124016e-03
3.046861617996504765e-03
2.121781916881616305e-03
1.631066294288301653e-03
7.923686964129442666e-05
0.000000000000000000e+00
0.000000000000000000e+00
0.000000000000000000e+00
0.000000000000000000e+00
0.000000000000000000e+00
0.000000000000000000e+00
0.000000000000000000e+00
0.000000000000000000e+00
