9.750023012284944344e-09
2.274457179539499885e-07
1.503038888725936545e-06
5.719136732079930114e-06
1.215988948566494978e-05
1.934737957088257767e-05
2.282532881745336385e-05
2.804963428877199324e-05
3.813712464219144949e-05
6.250099984607774552e-05
7.979563573283641380e-05
7.261317233014054546e-05
8.275635259859008758e-05
1.121396813656431654e-04
1.348277726965919476e-04
1.670543455630635191e-04
2.386892303775385430e-04
4.220367147739228662e-04
6.429649602340558896e-04
9.620677361152879092e-04
